Variable Length Representation of Loading:
[6, 57, 59, 90, 155, 179, 185, 258, 262, 287, 298, 331, 380, 418, 464]
[25, 27, 66, 122, 159, 161, 238, 259, 269, 275, 395, 421, 481]
[1, 16, 47, 73, 164, 170, 226, 252, 264, 284, 332, 365, 424, 426, 491, 499]
[17, 34, 71, 100, 107, 150, 189, 229, 239, 248, 309, 315, 363, 476]
[12, 52, 104, 121, 134, 154, 202, 227, 311, 471, 495]
[39, 88, 139, 217, 251, 276, 281, 283, 293, 348, 353, 407, 410, 434, 439, 479]
[2, 30, 51, 62, 89, 118, 148]
[26, 45, 48, 99, 108, 140, 169, 181, 303, 342, 369, 482, 496]
[3, 58, 183]
[136, 137, 138, 166, 191, 213, 216, 364, 379, 432, 448]
[76]
[132, 133, 142, 190, 224, 285, 314, 388, 459, 470]
[8, 61, 127, 222, 267, 301, 373, 374, 469, 486]
[9, 80, 102, 114, 194, 247, 328, 368, 385, 465, 466, 497]
[33, 72, 152, 278, 330, 337, 387, 398, 406, 419, 422, 468, 500]
[35, 126, 131, 135, 144, 145, 300, 308, 336, 343, 430]
[24, 36, 43, 117, 146, 160, 223, 296, 316, 349, 362, 409, 427, 429, 494]
[18, 56, 98, 158, 221, 228, 261, 305, 352, 355, 372, 378, 413, 425]
[11, 13, 23, 50, 55, 64, 70, 78, 86, 97, 219, 313, 356, 367, 377]
[14, 21, 77, 82, 92, 125, 212, 263, 271, 280, 288, 324, 334, 350, 462]
[54, 94, 149, 225, 236, 243, 246, 266, 381, 386, 483]
[5, 38, 87, 93, 95, 111, 204, 245, 273, 454, 473, 477]
[19, 42, 85, 156, 168, 215, 282, 286]
[112, 120, 147, 178, 210, 279, 322, 327]
[41, 46, 60, 184, 206, 211, 241, 242, 396, 416, 435, 488]
[29, 49, 65, 233, 256, 321, 340, 359, 382, 490, 498]
[63, 67, 109, 180, 201, 307, 325, 347, 351, 358, 391, 411, 420]
[143, 173, 174, 198, 207, 220, 274, 297, 346, 392, 401, 403, 438, 463]
[7, 28, 106, 119, 182, 255, 302, 390, 446, 447, 458]
[10, 44, 69, 218, 257, 260, 268, 295, 389, 399, 415, 492]
[22, 31, 37, 115, 116, 124, 177, 192, 199, 203, 250, 254, 317, 354, 383, 457]
[4, 20, 53, 74, 79, 123, 141, 153, 196, 208, 232, 384, 405, 412, 436, 443]
[91, 163, 167, 176, 200, 304, 306, 371, 394, 404, 440, 467, 485]
[15, 68, 81, 83, 105, 110, 128, 151, 162, 171, 195, 197, 209, 214, 361, 376]
[40, 75, 96, 101, 172, 230, 240, 265, 408, 423, 444, 445, 480]
[32, 103, 113, 237, 277, 290, 339, 341, 366, 393, 400, 414, 484]
[291, 294, 310, 318, 320, 323, 329, 338, 360, 370, 375, 442, 449]
[431, 441, 450, 451, 452, 453, 455, 456, 461, 472, 474, 478]
[333, 335, 357, 433, 475]
[437, 493]
[188, 249, 272, 292, 299, 428]
