Variable Length Representation of Loading:
[21, 37, 78, 121, 129, 150, 176, 210, 239, 257, 319, 345, 391, 421, 467]
[36, 42, 51, 92, 101, 131, 137, 169, 177, 193, 195, 226, 238, 254, 272, 378, 445]
[30, 66, 80, 97, 116, 134, 136, 152, 170, 171, 223, 268, 309, 362, 370]
[3, 40, 115, 142, 198, 201, 280, 297, 432, 437, 475, 478, 494]
[1, 35, 86, 110, 196, 211, 227, 248, 332, 366, 390, 498]
[46, 61, 96, 144, 256, 355, 423, 438, 464, 470, 473]
[38, 83, 141, 160, 200, 266, 273, 295, 306, 359, 360, 361, 420, 436, 484]
[73, 109, 164, 181, 240, 244, 267, 282, 344, 364, 365, 398, 428, 455, 491]
[31, 33, 99, 124, 132, 154, 287, 289, 315, 427, 442, 446, 466, 474]
[14, 74, 120, 143, 149, 157, 165, 166, 232, 277, 314, 320, 340, 373, 383, 450]
[113, 153, 162, 185, 202, 229, 231, 262, 300, 341, 424, 434, 468, 479, 483]
[29, 41, 114, 167, 207, 246, 253, 275, 310, 317, 416, 422, 487, 497]
[10, 54, 95, 118, 133, 151, 159, 376, 382, 444, 492, 493, 496]
[2, 27, 68, 102, 106, 161, 184, 194, 234, 236, 274, 374]
[6, 53, 85, 128, 174, 217, 261, 276, 286, 296, 303, 333, 433, 435, 482, 489]
[20, 62, 103, 140, 146, 163, 179, 279, 302, 350, 371, 375, 452, 453, 457]
[47, 64, 69, 108, 130, 175, 186, 222, 245, 251, 265, 329, 399, 413, 485, 486]
[22, 25, 59, 76, 183, 215, 216, 218, 259, 283, 347, 456, 465]
[13, 75, 98, 117, 125, 204, 260, 270, 271, 335, 343, 358, 393, 481]
[16, 43, 67, 104, 182, 225, 299, 412, 425, 440, 458, 472, 480]
[77, 94, 127, 203, 213, 241, 249, 258, 318, 328, 330, 443, 469]
[5, 26, 28, 49, 90, 126, 209, 221, 242, 331, 334, 338, 369, 488]
[7, 24, 145, 147, 284, 293, 294, 316, 336, 339, 395, 406]
[18, 79, 105, 111, 112, 264, 323, 357, 367, 372, 379, 449, 490]
[23, 32, 58, 91, 139, 224, 235, 324, 348, 363, 400, 451, 454]
[8, 45, 63, 87, 89, 158, 188, 205, 321, 385, 387, 417, 460, 463, 476]
[4, 60, 93, 123, 135, 155, 187, 214, 233, 250, 290, 291, 337, 356, 389, 499, 500]
[81, 100, 148, 156, 173, 199, 281, 311, 312, 346, 495]
[12, 17, 72, 84, 168, 189, 220, 230, 269, 278, 394, 402, 418, 426]
[19, 44, 57, 190, 191, 206, 212, 247, 292, 322, 381, 411, 461]
[56, 65, 138, 192, 208, 228, 325, 342, 353, 368, 407, 477]
[70, 119, 122, 178, 237, 255, 263, 301, 326, 404, 459, 471]
[9, 71, 172, 180, 219, 252, 298, 305, 313, 380, 396, 410, 419]
[34, 39, 52, 55, 82, 107, 197, 243, 285, 308, 386, 401, 414, 462]
[11, 15, 48, 50, 88, 288, 304, 327, 349, 354, 397, 403, 409, 415, 441, 447]
[307, 351, 352, 377, 384, 388, 392, 405, 408, 429, 430, 431, 439, 448]
