Variable Length Representation of Loading:
[70, 75, 86, 202, 228, 239, 263, 304, 325, 340, 368, 427, 483, 489]
[1, 39, 102, 168, 184, 224, 274, 293, 338, 403, 444, 474]
[2, 40, 60, 131, 138, 172, 200, 209, 266, 306, 367, 389, 437, 456, 462]
[3, 80, 94, 151, 152, 161, 165, 189, 210, 256, 313, 361, 394, 446]
[4, 78, 106, 117, 142, 185, 237, 260, 315, 328, 344, 351, 357, 408, 439]
[5, 42, 50, 63, 141, 204, 267, 317, 379, 423]
[6, 44, 112, 118, 156, 191, 244, 268, 288, 323, 371, 424, 463]
[7, 58, 109, 122, 148, 179, 233, 275, 297, 359, 378, 418, 461]
[8, 85, 111, 132, 155, 169, 186, 236, 271, 305, 366, 391, 407, 443]
[9, 81, 114, 175, 197, 225, 234, 279, 302, 329, 352, 387, 426, 453]
[10, 59, 73, 104, 159, 183, 201, 251, 272, 290, 300, 360, 392, 421]
[11, 57, 90, 160, 174, 214, 249, 286, 339, 369, 386, 415, 455]
[12, 72, 87, 124, 129, 203, 261, 298, 341, 375, 388, 440]
[13, 69, 135, 177, 229, 269, 332, 353, 397, 452]
[14, 52, 83, 144, 188, 227, 270, 335]
[15, 41, 45, 99, 121, 128, 136, 196, 226, 283, 312, 354, 414, 448, 451]
[16, 65, 146, 157, 199, 220, 254, 277, 295, 331, 363, 396, 432]
[17, 48, 115, 127, 187, 213, 245, 289, 319, 347, 376, 419, 449]
[18, 38, 91, 150, 162, 178, 215, 259, 308, 343, 402, 417, 458]
[19, 37, 49, 64, 77, 134, 222, 241, 257, 321, 334, 382, 429]
[20, 61, 66, 79, 119, 143, 206, 262, 310, 362, 411, 428, 454]
[21, 92, 153, 171, 192, 218, 231, 280, 303, 316, 373, 404, 447]
[22, 74, 100, 137, 211, 255, 276, 330, 342, 380, 406, 436, 459]
[23, 67, 147, 170, 207, 221, 235, 243, 287, 337, 384, 435]
[24, 53, 113, 173, 216, 285, 322, 383, 430]
[25, 51, 120, 167, 198, 258, 326, 355, 400, 416]
[26, 76, 88, 133, 145, 195, 240, 250, 294, 345, 395, 425, 457]
[27, 56, 82, 95, 163, 194, 232, 253]
[28, 96, 105, 126, 182, 208, 278, 301, 318, 381, 420]
[29, 89, 107, 158, 166, 190, 219, 248, 265, 281, 320, 346, 372, 410, 438]
[30, 97, 108, 164, 212, 247, 291, 333, 370, 401, 442]
[32, 46, 55, 116, 149, 180, 242, 307, 336, 356, 390, 445]
[33, 62, 98, 181, 230, 264, 299, 365, 413, 422]
[34, 43, 93, 101, 154, 193, 217, 252, 309, 349, 393, 441]
[35, 71, 103, 139, 176, 205, 238, 284, 292, 324, 385, 405, 431, 487]
[36, 47, 54, 84, 125, 140, 246, 273, 327, 350, 377, 409, 433]
[464, 465, 466, 467, 468, 469, 470, 471, 472, 473, 475, 500]
[476, 477, 478, 479, 480, 481, 482, 484, 485, 486]
[488, 490, 491, 492, 493, 494, 495, 496, 497, 498, 499]
[282, 296, 311, 374, 399, 450, 31, 68, 110, 123, 130, 223]
