Variable Length Representation of Loading:
[17, 56, 76, 97, 100, 105, 109, 111, 119, 145, 235, 467, 488, 494, 498]
[32, 34, 41, 57, 80, 83, 117, 123, 180, 206, 210, 221, 285, 353, 434]
[7, 92, 113, 120, 129, 139, 151, 298, 340, 399, 450, 495]
[60, 86, 152, 165, 172, 199, 229, 240, 245, 256, 384, 423, 468]
[38, 46, 115, 125, 132, 153, 241, 246, 283, 290, 328, 332, 345, 386, 387, 455, 471]
[35, 49, 91, 96, 108, 236, 272, 301, 316, 339, 360, 381, 425]
[28, 134, 160, 186, 191, 200, 299, 314, 323, 449, 453]
[25, 53, 78, 190, 193, 220, 244, 251, 268, 300, 303, 375, 400, 433, 459, 475, 482]
[9, 195, 217, 230, 253, 269, 356, 405, 412, 432, 487]
[27, 33, 106, 187, 198, 234, 243, 288, 364, 444, 466, 470, 474]
[24, 54, 77, 112, 157, 175, 271, 276, 278, 337, 349, 383, 407]
[110, 167, 205, 304, 317, 318, 366, 373, 419, 438, 480]
[40, 79, 103, 127, 169, 192, 237, 334, 372, 374, 410, 447, 492]
[6, 13, 81, 137, 138, 311, 322, 352, 408, 424, 460]
[36, 61, 63, 64, 85, 146, 150, 181, 224, 326, 365]
[31, 90, 98, 216, 219, 260, 261, 279, 286, 302, 392, 472]
[29, 94, 116, 148, 203, 209, 212, 324, 414, 420, 445]
[47, 51, 107, 159, 161, 170, 184, 196, 201, 204, 254, 274, 296, 411, 462]
[14, 128, 144, 171, 178, 197, 202, 226, 264, 265, 293, 308, 320, 418, 427, 437, 461]
[10, 43, 143, 162, 215, 222, 225, 228, 266, 284, 289, 402, 430, 481]
[15, 59, 87, 101, 242, 282, 287, 306, 329, 338, 347, 406, 431]
[37, 62, 114, 130, 155, 158, 176, 232, 255, 305, 342, 344, 346, 351, 413, 435]
[88, 174, 185, 189, 291, 295, 313, 333, 336, 359, 361, 371, 465]
[2, 11, 23, 50, 58, 65, 73, 179, 388, 394, 401, 421]
[3, 16, 30, 75, 82, 121, 211, 182, 257, 331, 354, 377, 415, 464]
[44, 74, 84, 99, 136, 183, 188, 258, 335, 348, 367, 376, 379, 456]
[19, 72, 118, 126, 147, 163, 218, 239, 281, 325, 369, 409, 416, 477]
[141, 156, 168, 177, 214, 223, 252, 259, 277, 310, 426, 439, 463]
[1, 21, 95, 154, 166, 227, 294, 307, 330, 436, 451, 458]
[42, 45, 48, 89, 208, 213, 231, 247, 312, 363, 370, 397]
[18, 22, 233, 238, 250, 341, 380, 385, 389, 398, 443, 454, 469]
[39, 55, 71, 140, 358, 368, 382, 393, 403, 473, 500]
[66, 131, 267, 280, 297, 315, 321, 327, 355, 362, 390, 422, 452]
[5, 12, 67, 133, 149, 164, 194, 207, 262, 263, 429, 440]
[26, 104, 122, 124, 142, 350, 357, 378, 391, 428, 441, 457]
[4, 20, 52, 69, 102, 173, 275, 319, 343, 442, 448, 479]
[8, 68, 70, 93, 135, 248, 249, 270, 273, 292, 309, 396, 404, 446]
[476, 478, 483, 484, 485, 486, 489, 490, 491, 493, 496, 497, 499]
