Variable Length Representation of Loading:
[17, 56, 76, 97, 100, 105, 109, 111, 119, 145, 235, 467, 488, 494, 498]
[13, 36, 247, 281, 298, 340, 382, 387, 422, 480, 490, 499]
[70, 188, 193, 210, 243, 244, 294, 380, 409, 412, 426, 440]
[74, 113, 114, 158, 195, 199, 292, 321, 362, 379, 421, 468]
[33, 37, 57, 181, 189, 208, 212, 215, 358, 446, 454, 461]
[143, 176, 191, 194, 202, 228, 248, 261, 326, 334, 344, 351, 366, 452]
[1, 52, 107, 110, 153, 182, 211, 257, 306, 360, 393, 415, 463]
[108, 130, 152, 220, 322, 324, 345, 346, 403, 450]
[155, 164, 174, 180, 216, 272, 349, 350, 378, 392, 410, 465]
[14, 18, 59, 83, 141, 169, 213, 222, 230, 311, 407, 423, 428, 476]
[7, 89, 137, 205, 206, 237, 274, 318, 395, 396, 402, 435, 483]
[20, 22, 48, 72, 125, 131, 134, 255, 307, 386, 419, 444]
[5, 32, 90, 142, 144, 232, 268, 284, 304, 305, 336, 381, 418, 474]
[21, 26, 68, 69, 118, 218, 241, 266, 296, 335, 394, 408, 425, 437, 459]
[39, 115, 121, 135, 147, 162, 217, 302, 313, 339, 442, 469]
[183, 187, 224, 259, 277, 319, 329, 361, 365, 372, 373, 398, 448, 460]
[35, 67, 133, 203, 271, 273, 275, 293, 375, 447, 462, 479, 496]
[19, 25, 27, 166, 310, 343, 368, 420, 433, 472, 473]
[8, 11, 41, 66, 112, 160, 168, 172, 236, 249, 251, 347, 383, 416]
[71, 128, 159, 178, 258, 278, 283, 289, 295, 328, 377, 404, 417, 453, 489, 493]
[61, 87, 93, 150, 151, 186, 242, 276, 297, 323, 411, 413, 470, 497]
[38, 62, 77, 106, 204, 209, 356, 374, 431, 436, 451, 492]
[6, 28, 53, 99, 161, 163, 252, 279, 282, 314, 388, 391, 455]
[55, 103, 120, 132, 177, 200, 207, 223, 256, 267, 303, 315, 369, 456]
[2, 126, 179, 214, 221, 239, 301, 312, 320, 352, 385, 427, 449, 478, 491]
[9, 10, 42, 63, 73, 102, 157, 165, 269, 376, 443]
[4, 51, 122, 129, 140, 146, 260, 288, 327, 370, 439]
[80, 95, 98, 154, 229, 355, 357, 390, 405, 441, 482, 487]
[29, 54, 60, 123, 170, 233, 254, 290, 330, 341, 364, 401, 429]
[15, 31, 65, 84, 91, 171, 190, 197, 225, 265, 280, 331, 371, 445]
[30, 44, 82, 94, 196, 231, 399, 457, 464, 481, 485]
[117, 173, 192, 198, 264, 300, 354, 432, 438, 471]
[24, 40, 46, 47, 79, 127, 138, 139, 201, 246, 291, 397, 495, 500]
[12, 16, 34, 86, 88, 116, 148, 149, 156, 263, 299, 316, 400, 466]
[23, 50, 136, 184, 227, 253, 285, 384, 406, 475, 486]
[3, 58, 75, 101, 104, 124, 219, 234, 287, 342, 348, 414, 424, 430]
[43, 45, 49, 78, 85, 96, 270, 309, 317, 337, 353, 477]
[175, 226, 240, 262, 286, 325, 332, 338, 359, 363, 367, 389, 484]
[308, 333, 434, 458, 64, 81, 92, 167, 185, 238, 245, 250]
