Variable Length Representation of Loading:
[10, 31, 83, 165, 215, 251, 264, 272, 280, 321, 353, 373, 422, 436, 482, 500]
[3, 46, 67, 152, 167, 258, 269, 290, 293, 309, 328, 457, 468]
[16, 85, 150, 151, 154, 185, 227, 231, 315, 362, 364, 412]
[65, 88, 129, 187, 195, 224, 243, 282, 289, 296, 325, 377, 410, 445]
[79, 109, 121, 144, 148, 159, 199, 230, 322, 349, 358, 408, 456, 484]
[15, 50, 76, 87, 102, 114, 127, 146, 160, 161, 329, 335, 360, 417]
[12, 49, 73, 135, 138, 181, 182, 191, 228, 342, 348, 414, 499]
[66, 107, 180, 200, 267, 306, 372, 393, 396, 429, 442]
[6, 26, 89, 103, 184, 190, 237, 240, 263, 276, 281, 370, 384]
[27, 38, 95, 110, 170, 193, 210, 277, 294, 338, 402]
[34, 35, 72, 77, 82, 91, 105, 115, 278, 279, 312, 313, 332, 344, 404]
[22, 55, 69, 169, 171, 259, 268, 286, 298, 308, 350, 458]
[5, 32, 63, 84, 291, 336, 343, 359, 382, 383, 453, 496]
[18, 173, 198, 236, 337, 375, 389, 390, 394, 399, 401, 406]
[19, 41, 75, 111]
[143, 175, 214, 244, 250, 261, 274, 363, 411, 418, 454, 498]
[14, 74]
[54, 70, 218, 232, 255, 297, 323, 341, 420, 427, 433, 475]
[1, 8, 61, 131, 164, 186, 189, 229, 239, 288, 368, 374]
[33, 39, 71, 120, 126, 262, 299, 327, 380, 467, 471]
[90, 100, 156, 260, 354, 365, 376, 392, 450, 462]
[25, 30, 62, 113, 140, 142, 158, 192, 235, 265, 415, 419, 463]
[130, 174, 196, 217, 242, 256, 257, 331, 340, 356, 405, 437]
[29, 42, 52, 104, 223, 310, 314, 326, 351, 403, 416, 424]
[106, 117, 137, 145, 147, 252, 254, 273, 284, 292, 388, 432, 448]
[7, 11, 48, 108, 123, 133, 141, 162, 172, 318, 355, 444]
[13, 20, 28, 47, 99, 118, 155, 206, 238, 241, 369, 379, 464]
[21, 56, 58, 112, 122, 132, 202, 347, 400, 430, 435, 447]
[2, 93, 163, 201, 219, 221, 249, 275, 311, 316, 423, 440, 470]
[36, 40, 44, 98, 245, 270, 271, 367, 387, 426, 449, 451]
[9, 17, 60, 96, 194, 226, 301, 302, 305, 346, 397, 439, 465]
[4, 92, 128, 139, 153, 188, 197, 208, 213, 334, 381, 398, 466]
[23, 51, 68, 81, 97, 101, 136, 166, 222, 283, 366, 409, 421]
[45, 134, 168, 177, 287, 317, 333, 352, 357, 361, 428]
[24, 86, 124, 125, 149, 183, 203, 212, 220, 234, 395, 438, 472]
[57, 59, 64, 80, 119, 207, 246, 247, 253, 285, 307, 345, 378, 413, 452]
[37, 43, 53, 78, 94, 178, 205, 216, 304, 431, 443, 461]
[176, 473, 474, 476, 477, 478, 479, 480, 481, 483, 497]
[485, 486, 487, 488, 489, 490, 491, 492, 493, 494, 495]
[209, 266, 303, 319, 339, 371, 425, 455]
[179, 204, 211, 233, 248, 295, 300, 330, 391, 434, 446, 459]
[441, 460]
[116, 157, 225, 320, 324, 385, 386, 407, 469]
