Variable Length Representation of Loading:
[41, 194, 197, 249, 251, 276, 403, 420, 455, 488]
[1, 90, 128, 142, 160, 211, 213, 215, 355, 379]
[64, 91, 193, 216, 277, 285, 446, 480, 500]
[11, 100, 257, 291, 347, 349, 361, 372, 411]
[33, 101, 204, 250, 308, 413, 425, 433, 494]
[66, 76, 78, 108, 111, 146, 153, 178, 358]
[131, 149, 159, 189, 205, 261, 332, 374, 390, 422]
[60, 171, 210, 290, 305, 324, 418, 453]
[53, 81, 272, 360, 394, 399, 404, 464, 475]
[18, 44, 68, 116, 164, 179, 203, 206, 237, 259, 311, 352, 465, 486]
[46, 183, 185, 190, 264, 321, 407, 493]
[83, 97, 103, 162, 163, 246, 304, 419, 427, 495]
[28, 115, 132, 133, 241, 271, 282, 323, 329, 333, 334, 440]
[12, 38, 47, 82, 102, 152, 174, 192, 214, 391, 489]
[74, 79, 130, 219, 238, 341, 377, 432, 442]
[15, 40, 62, 69, 77, 85, 150, 288, 336, 478]
[109, 129, 145, 207, 297, 319, 401, 499]
[35, 75, 95, 120, 126, 127, 136, 155, 222, 320, 461]
[3, 147, 167, 196, 280, 357, 376, 388, 487]
[56, 71, 110, 170, 202, 232, 270, 279, 286, 326, 445]
[7, 51, 88, 157, 274, 294, 300, 378, 409]
[220, 234, 252, 296, 317, 328, 330, 342, 343, 460, 482]
[2, 4, 31, 258, 269, 301, 303, 318, 467]
[10, 22, 24, 292, 295, 307, 310, 370]
[36, 73, 80, 92, 107, 255, 281, 340, 416, 438, 484]
[26, 70, 104, 140, 247, 369, 396, 400, 476]
[43, 52, 94, 151, 169]
[49, 158, 175, 227, 235, 236, 273, 313, 406, 410, 434]
[59, 65, 84, 118, 180, 209, 218, 312, 417, 443]
[54, 114, 198, 200, 217, 268, 389, 397, 408, 448, 459]
[86, 98, 122, 124, 139, 172, 195, 384, 436, 470]
[9, 48, 99, 119, 134, 176, 226, 248, 322, 344, 383, 471, 472]
[23, 135, 144, 254, 359, 367, 368, 423, 481, 491]
[30, 63, 371, 398, 412, 435, 447, 451, 477]
[55, 57, 166, 233, 240, 283, 302, 431, 456, 458, 490]
[27, 32, 58, 106, 143, 256, 293, 350, 449, 457, 468, 496]
[42, 123, 225, 266, 284, 289, 309, 315, 466]
[89, 141, 165, 184, 253, 299, 325, 402]
[20, 37, 138, 177, 353, 381, 392, 414, 483]
[5, 25, 29, 34, 173, 181, 221, 231, 275, 287, 462]
[112, 182, 229, 262, 345, 348, 351, 452, 492]
[19, 67, 161, 242, 243, 244, 354, 364, 474]
[17, 61, 87, 186, 224, 327, 346, 426, 444, 463]
[6, 16, 191, 208, 245, 335, 363, 415, 498]
[8, 21, 121, 298, 380, 421, 430, 473]
[45, 72, 156, 223, 228, 263, 339, 366, 382, 393]
[105, 113, 148, 154, 188, 201, 375, 469, 479]
[14, 50, 93, 137, 168, 199, 316, 338, 365, 386, 454]
[13, 39, 265, 362, 373, 385, 428, 437]
[212, 267, 278, 314, 337, 356, 395, 424, 485, 497]
[96, 117, 125, 230, 239, 387, 405, 439]
[441]
