Variable Length Representation of Loading:
[7, 27, 195, 236, 406, 464, 472]
[17, 41, 65, 120, 145, 150, 169, 437]
[54, 121, 135, 227, 264, 316, 457]
[152, 186, 291, 314, 339, 444, 470]
[39, 71, 115, 210, 211, 266, 432]
[63, 78, 165, 220, 223, 277, 292, 330]
[91, 185, 256, 293, 363, 367, 379, 455]
[1, 136, 198, 270, 304, 327, 377]
[68, 87, 151, 202, 276, 309, 318, 347, 422]
[18, 105, 155, 166, 194, 218, 413]
[122, 140, 141, 147, 188, 190, 415]
[19, 26, 99, 246, 303, 331, 420, 427]
[33, 76, 93, 128, 153, 174, 180, 283, 289, 390, 414]
[238, 342, 366, 370, 401, 440, 445]
[25, 36, 49, 341, 348, 361, 393]
[2, 47, 201, 225, 235, 267, 324, 364, 386]
[67, 73, 74, 200, 212, 416, 441]
[14, 30, 82, 172, 373, 439]
[118, 173, 177, 187, 337, 355, 412]
[75, 77, 101, 191, 226, 245, 365, 429]
[21]
[133, 143, 161, 179, 262, 275, 372, 381]
[3, 52, 119, 247, 261, 274, 300, 351, 356]
[86, 102, 114, 131, 203, 307, 328, 354, 471]
[43, 70, 167, 178, 224, 244, 315, 430]
[42, 95, 156, 175, 221, 229, 288, 320]
[57, 60, 285, 297, 299, 344]
[23, 45, 100, 271, 284, 336, 397, 408, 428]
[4, 12, 31, 53, 89, 92, 162, 171, 216, 219, 334]
[83, 139, 204, 206, 254, 282, 358]
[148, 205, 230, 311, 395, 426, 442]
[58, 90, 106, 232, 239, 263, 273, 319, 352]
[79, 111, 176, 182, 196, 253, 259, 431, 448]
[32, 96, 124, 126, 142, 250, 333]
[9, 29, 64, 107, 208, 237, 350, 424]
[5, 109, 132, 134, 207, 242, 323, 391, 407]
[56, 69, 138, 192, 272, 295, 310, 460]
[81, 98, 110, 159, 160, 335, 374, 394, 396]
[80, 97, 108, 116, 251, 308, 353, 478]
[35, 149, 170, 184, 255, 257, 302, 345, 409, 480]
[22, 137, 183, 279, 280, 290, 312, 392, 434]
[11, 164, 286, 343, 360, 380, 405, 446, 493]
[8, 37, 46, 104, 125, 154, 369, 384, 399]
[34, 209, 213, 241, 326, 421, 435, 458]
[6, 24, 123, 127, 214, 222, 306, 383, 400, 461]
[72, 88, 146, 193, 248, 281, 296, 387]
[13, 16, 50, 59, 103, 305, 313, 417, 436, 438]
[10, 55, 84, 163, 233, 243, 269, 362, 404]
[168, 197, 231, 252, 349, 382, 443]
[28, 40, 44, 181, 234, 301, 340, 403, 410]
[15, 260, 278, 321, 338, 371, 402, 468]
[85, 94, 129, 240, 317, 325, 329, 411]
[51, 217, 287, 368, 376, 398, 419, 423, 456]
[48, 61, 130, 158, 298, 357, 388, 477]
[20, 113, 117, 157, 228, 268, 332, 375, 425]
[62, 144, 199, 265, 322, 359, 433, 447, 459]
[449, 450]
[465, 466, 473, 474, 475, 476]
[479, 481, 482, 483, 484, 491, 495, 496]
[485, 486, 487, 488, 489, 490, 492]
[467, 494, 497, 498, 499, 500]
[469, 38, 66, 112]
[258, 378, 385, 389]
[451, 452, 453, 454, 462, 463]
[189, 215, 249, 294, 346, 418]
