Variable Length Representation of Loading:
[27, 115, 168, 240, 269, 322, 384, 442]
[41, 120, 126, 138, 171, 199, 257, 292, 312, 417]
[18, 110, 256, 310, 330, 341, 395]
[42, 135, 172, 176, 297, 368, 378, 409]
[26, 60, 156, 218, 219, 243, 375, 445]
[10, 57, 79, 335, 337, 376, 399, 483]
[50, 118, 147, 189, 191, 242, 249, 264, 484]
[36, 111, 113, 136, 164, 397, 500]
[1, 101, 131, 139, 210, 276, 316]
[13, 87, 166, 197, 205, 259, 334, 351, 463]
[37, 58, 146, 151, 155, 174, 188, 275, 362, 412]
[51, 107, 180, 194, 223, 289, 393, 422]
[23, 38, 43, 217, 222, 303, 324, 380]
[152, 179, 319, 327, 403, 424, 461, 480]
[145, 165, 250, 265, 278, 290, 381]
[2, 78, 92, 141, 209, 266, 416]
[73, 94, 244, 309, 343, 345, 355, 396, 398, 433]
[82, 130, 246, 347, 383, 407, 470, 488]
[106, 178, 182, 232, 329, 360, 459, 469]
[32, 104, 153, 254, 387, 388, 391, 438]
[86, 125, 132, 255, 284, 308, 333, 405]
[85, 114, 148, 198, 423, 457, 471]
[3, 88, 162, 192, 211, 406, 421, 439]
[40, 75, 102, 134, 311, 367, 392, 410, 431]
[49, 167, 196, 263, 306, 413, 425]
[19, 224, 237, 293, 317, 361, 429, 434]
[20, 29, 44, 54, 109, 236, 277]
[74, 89, 99, 127, 214, 288, 301, 328, 370]
[25, 100, 128, 239, 283, 315, 358, 427]
[8, 17, 123, 229, 350, 374, 377, 414, 467]
[4, 84, 159, 233, 245, 394, 435]
[53, 83, 161, 304, 342, 363, 401, 415]
[34, 195, 206, 238, 291, 411, 466]
[31, 80, 158, 190, 213, 216, 348]
[63, 143, 183, 231, 286, 318, 353, 356, 373]
[14, 21, 95, 157, 181, 212, 332, 338, 354]
[15, 24, 93, 116, 124, 359, 372, 420, 426]
[67, 112, 140, 282, 298, 344, 390, 432]
[5, 59, 201, 261, 300, 314, 321, 472]
[56, 69, 70, 177, 235, 418, 464, 499]
[11, 65, 98, 119, 187, 251, 313, 437]
[16, 117, 33, 66, 149, 154, 163, 225, 271, 400, 430]
[52, 90, 142, 226, 241, 267, 272, 279, 295, 419]
[108, 173, 185, 207, 270, 371, 408]
[9, 45, 71, 186, 202, 204, 268, 305, 323, 349]
[105, 230, 302, 369, 385, 389]
[6, 12, 22, 61, 122, 248, 253, 280]
[39, 46, 72, 81, 133, 460, 465]
[103, 121, 228, 247, 287, 402, 404]
[76, 91, 160, 331, 336, 346, 352, 379, 428]
[77, 215, 220, 339, 357, 364, 366]
[47, 96, 97, 170, 294, 299, 307, 382]
[28, 35, 48, 184, 221, 273, 274, 285, 365]
[30, 64, 137, 150, 200, 281, 436]
[7, 68]
[129, 175, 193, 203, 234, 296, 320, 340]
[55, 62, 144, 208, 258, 326, 386]
[440, 441, 443, 444, 446, 447, 448, 458]
[449, 450, 451, 452, 453, 454, 455, 456, 462]
[473, 474, 475, 476, 477, 478, 479, 495, 496]
[262, 481, 482, 485, 486, 487, 493]
[489, 490, 491, 492, 494, 497, 498]
