Variable Length Representation of Loading:
[132, 150, 166, 196, 394, 432, 436, 447, 456]
[27, 252, 309, 337, 345, 462]
[16, 105, 144, 288, 365, 379, 409, 463]
[106, 139, 151, 183, 243, 267, 464]
[49, 57, 91, 206]
[34, 50, 59, 186, 198, 231, 340, 466]
[152, 208, 248, 347, 386, 459, 467]
[22, 29, 110, 134, 148, 316, 351, 469]
[1, 66, 306, 333, 348, 415]
[44, 60, 87, 137, 213, 215, 278]
[30, 43, 70, 191, 217, 290, 344, 352]
[12, 28, 35, 41, 185, 222, 235, 245, 246, 276]
[94, 109, 130, 311, 368, 380, 388, 437]
[10, 97, 293, 294, 367, 372, 382]
[13, 32, 140, 147, 149, 229, 426, 461, 488]
[40, 170, 176, 256, 261, 283, 305, 307, 374, 410, 470, 500]
[2, 17, 61, 71, 225, 371, 427]
[73, 104, 120, 172, 264, 317, 328, 393]
[15, 45, 82, 189, 209, 219, 253, 438]
[20, 90, 127, 177, 182, 422, 457]
[18, 180, 188, 195, 197, 205, 254, 279, 419]
[31, 47, 156, 169, 192, 300, 331, 361]
[11, 38, 58, 224, 255, 260, 272, 387]
[67, 88, 273, 301, 319, 332, 399, 400, 431]
[3, 165, 258, 259, 355, 407, 423]
[93, 102, 112, 123, 163, 203, 364, 429, 439]
[63, 111, 164, 207, 211, 302, 350, 414, 424]
[53, 162, 223, 274, 314, 323, 356, 375]
[24, 65, 251, 299, 366, 401, 446]
[79, 133, 230, 280, 383, 445, 448]
[4, 21, 96, 101, 117, 121, 282]
[81, 83, 122, 221, 237, 358, 433]
[107, 114, 146, 157, 167, 194, 262, 359, 373, 481]
[69, 80, 85, 89, 263, 291, 377, 398]
[9, 238, 242, 266, 318, 425, 428, 471]
[74, 75, 334, 360, 406, 412, 416, 468]
[84, 155, 161, 312, 339, 402, 413, 498]
[5, 14, 78, 136, 178, 214, 296, 326]
[51, 56, 138, 199, 216, 420, 472]
[23, 98, 129, 159, 202, 228, 369, 376, 391]
[6, 168, 210, 257, 295, 308, 320, 384]
[46, 72, 113, 119, 244, 285, 460, 499]
[33, 37, 64, 103, 181, 232, 250, 362]
[108, 141, 154, 160, 179, 204, 226, 241, 310]
[52, 95, 100, 115, 175, 212, 418]
[48, 77, 118, 142, 234, 284, 298, 341, 346]
[25, 54, 268, 269, 322, 324, 336, 397]
[26, 193, 218, 220, 385, 403]
[7, 200, 201, 227, 249, 321, 395]
[42, 128, 265, 303, 315, 335, 353]
[68, 171, 184, 190, 354, 378, 392, 396, 435]
[36, 92, 99, 131, 145, 173, 239, 287, 325]
[135, 187, 247, 277, 289, 342, 363, 417]
[86, 124, 158, 275, 313, 381, 434]
[39, 76, 125, 174, 236, 327, 343, 404]
[8, 19, 126, 153, 270, 271, 292, 297]
[55, 62, 143, 240, 286, 338, 370, 421]
[281, 357, 405, 430, 440, 441, 442, 443, 444]
[449, 450, 451, 452, 453, 454, 455, 458, 480]
[473, 474, 475, 476, 477, 478, 479, 495, 496]
[482, 483, 484, 485, 486, 487, 492]
[489, 490, 491, 493, 494, 497]
[116, 233, 304, 330, 349, 389, 390, 411]
[329, 465]
