Variable Length Representation of Loading:
[115, 138, 322, 341, 409, 445, 483, 484, 500]
[49, 51, 70, 204, 209, 319, 353, 362, 364]
[27, 77, 120, 167, 228, 298, 321, 427, 430]
[39, 41, 68, 108, 118, 210, 248, 369]
[159, 225, 235, 311, 393, 466, 487]
[93, 97, 155, 233, 258, 422, 459, 479]
[18, 116, 142, 151, 168, 303, 438]
[226, 299, 363, 366, 406, 472]
[35, 46, 110, 129, 255, 403, 407, 485]
[2, 9, 101, 173, 193, 206, 455]
[13, 21, 80, 124, 153, 163, 251, 349, 447, 488]
[14, 61, 143, 218, 356, 405, 426, 480]
[3, 40, 67, 123, 145, 156, 276, 413, 464]
[25, 83, 162, 230, 239, 279, 368, 417, 437]
[42, 76, 161, 205, 212, 264, 374, 398]
[24, 85, 96, 229, 232, 241, 390, 434]
[23, 75, 86, 199, 246, 281, 296, 335, 359]
[87, 104, 243, 294, 300, 324, 375, 419, 441]
[33, 130, 194, 280, 292, 387, 453]
[29, 81, 89, 254, 273, 278, 340, 388, 392]
[45, 94, 261, 289, 295, 308, 334, 415, 433, 449, 493]
[47, 132, 272, 284, 285, 313, 395]
[103, 164, 175, 189, 208, 223, 385]
[59, 72, 119, 134, 184, 191, 221, 247, 310, 401]
[1, 84, 99, 214, 220, 231, 351, 354, 365, 443]
[11, 91, 253, 262, 288, 315, 336, 372]
[15, 37, 64, 88, 90, 113, 144, 269, 352, 454]
[17, 32, 121, 185, 306, 346, 467]
[8, 19, 55, 282, 345, 386, 461, 463]
[28, 74, 137, 150, 197, 339, 383]
[7, 54, 117, 195, 196, 207, 358, 425]
[58, 105, 203, 376, 389, 411, 436, 452]
[5, 30, 71, 109, 357, 380, 400, 491]
[6, 52, 95, 176, 179, 182, 238, 249, 332, 381, 394]
[60, 92, 102, 224, 293, 348]
[57, 135, 169, 171, 378, 421, 473, 474]
[148, 158, 170, 177, 217, 330, 344, 420]
[4, 16, 43, 147, 317, 384, 423, 470]
[53, 63, 73, 154, 201, 271, 402, 424, 460]
[114, 122, 198, 213, 274, 428, 469]
[62, 131, 186, 234, 326, 355]
[65, 125, 133, 244, 259, 307]
[69, 128, 290, 342, 373, 397, 471, 486]
[178, 200, 263, 267, 323, 337, 429]
[270, 305, 325, 404, 432, 439, 440, 476]
[10, 146, 219, 327, 328, 347, 382, 396, 412]
[12, 26, 139, 190, 266, 442, 444]
[34, 48, 107, 187, 333, 377, 391, 462, 477]
[38, 100, 126, 127, 140, 183, 316, 478]
[20, 157, 211, 275, 314, 331, 350]
[31, 66, 106, 166, 180, 237, 338, 361, 451]
[22, 172, 174, 227, 291, 301, 312, 408, 410]
[56, 79, 111, 141, 160, 181, 367, 450, 457]
[36, 215, 245, 265, 318, 379, 435, 446]
[98, 165, 192, 222, 287, 297, 418, 456]
[112, 152, 240, 250, 320, 431, 496]
[188, 216, 236, 242, 256, 286]
[50, 78, 149, 202, 370, 371, 399, 448]
[44, 82, 277, 329, 414, 458, 475]
[283, 343, 481, 482, 489, 490, 492]
[268, 304, 360, 416, 494, 495, 497, 498, 499]
[136, 252, 257, 260, 465, 468]
[147, 317, 384, 423, 470]
