Variable Length Representation of Loading:
[76, 149, 208, 216, 269, 328, 343]
[32, 54, 58, 123, 132, 218, 330, 360, 442, 461]
[24, 59, 96, 122, 142, 287, 407, 437]
[1, 55, 77, 130, 133, 219, 281, 349, 421]
[151, 309, 344, 405, 431, 441, 449, 458, 490]
[31, 159, 166, 200, 227, 240, 282, 427, 483]
[7, 65, 128, 209, 214, 228, 262, 285, 378]
[8, 10, 38, 68, 95, 160, 241, 306, 311]
[18, 135, 138, 175, 244, 249, 277, 280, 325, 361, 438]
[97, 120, 141, 273, 323, 347, 370, 379, 412, 448, 450]
[42, 116, 119, 179, 352, 369, 386, 471, 493]
[12, 134, 177, 226, 320, 333, 366, 418, 430, 479]
[15, 33, 43, 46, 83, 270, 293, 322, 367, 377, 443, 451]
[73, 80, 109, 112, 158, 198, 211, 252, 292]
[2, 72, 82, 154, 193, 195, 201, 294, 401]
[41, 136, 145, 191, 256, 276, 316, 381, 397, 404]
[30, 51, 75, 100, 129, 137, 174, 245, 365, 384, 419, 433]
[35, 57, 63]
[9, 94, 203, 312, 335, 348, 380, 391, 428, 447]
[66, 98, 184, 321, 364, 368, 382, 414, 425]
[20, 70, 150, 199, 220, 225, 236, 295, 314, 387, 415]
[21, 86, 87, 89, 190, 243, 248, 356, 385]
[4, 19, 93, 118, 140, 157, 239, 313, 354, 372]
[79, 84, 169, 217, 229, 259, 297, 318, 388, 439]
[49, 52, 171, 172, 234, 260, 265, 422, 459, 474]
[23, 27, 146, 153, 202, 222, 254, 278, 319, 393]
[60, 67, 92, 117, 139, 161, 231, 302, 336, 362, 375]
[61, 125, 167, 173, 224, 264, 274, 305, 396, 420]
[29, 34, 237, 251, 359, 399, 409, 440, 489]
[121, 155, 176, 301, 337, 346, 371, 395, 411, 436]
[6, 14, 17, 69, 205, 246, 308, 310, 341, 358, 376]
[36, 105, 162, 165, 230, 267, 291, 403, 481]
[37, 53, 81, 144, 152, 194, 212, 223]
[5, 50, 103, 111, 148, 247]
[44, 56, 156, 189, 206, 266, 324, 331, 342, 374, 402]
[22, 28, 107, 126, 178, 210, 253, 279, 410, 416, 424]
[3, 16, 25, 40, 131, 232, 238]
[39, 48, 78, 85]
[45, 99, 114, 284, 286, 288, 390, 432]
[13, 106, 108, 113, 181, 235, 257, 355, 445]
[91, 104, 110, 183, 188, 197, 215, 303, 340, 408]
[47, 62, 88, 182, 207, 213, 221, 389, 398, 426, 444, 477]
[11, 127, 163, 186, 204, 271]
[26, 71, 74, 102, 168, 180, 250, 261, 338, 394, 435, 463]
[90, 147, 185, 187, 192, 255, 258, 304, 406]
[452, 453, 454, 455, 456, 457, 460, 482]
[462, 464, 465, 466, 467, 468, 469, 470, 472, 480, 491]
[143, 263, 326, 383, 429, 473, 484, 485]
[486, 487, 488, 492, 494, 495, 496, 497, 498, 499, 500]
[196, 268, 339, 345, 351, 417, 475]
[275, 296, 363, 423]
[300, 317, 353]
[315, 327, 332, 400]
[64, 164, 170, 233, 307, 392, 446, 478]
[101, 242, 272, 289, 290, 298, 329, 476]
