Variable Length Representation of Loading:
[48, 79, 211, 248, 253, 312, 323, 377, 379, 498]
[22, 42, 118, 224, 300, 353, 389, 403, 425, 434]
[142, 172, 178, 193, 198, 236, 252, 274, 335, 345]
[5, 15, 107, 119, 127, 175, 232, 358, 416, 421, 458, 484, 492]
[63, 83, 194, 226, 316, 338, 360, 466, 468, 469]
[38, 78, 271, 315, 329, 354, 387, 400, 455, 457]
[32, 71, 221, 265, 293, 294, 296, 374, 456]
[41, 72, 103, 189, 196, 202, 290, 297, 301, 302, 337]
[105, 115, 120, 147, 169, 256, 308, 361, 367, 446, 449]
[13, 34, 44, 75, 140, 305, 327, 395, 470]
[8, 33, 90, 137, 139, 210, 273, 309, 357, 370, 432]
[21, 39, 92, 168, 279, 287, 291, 355, 356, 383]
[73, 89, 203, 204, 325, 397, 454, 464]
[1, 51, 74, 206, 207, 212, 233, 234, 246, 259, 344, 459, 497]
[141, 180, 192, 295, 321, 348, 391, 441, 481]
[29, 86, 88, 91, 108, 250, 313, 349, 429]
[16, 52, 60, 98, 109, 113, 116, 184, 245, 304, 371, 398, 404, 413, 496]
[23, 26, 27, 28, 87, 110, 136, 205, 333, 341, 411, 494]
[76, 149, 208, 216, 269, 328, 343, 352, 369, 386, 471, 493]
[161, 171, 242, 247, 270, 401, 407, 478]
[25, 45, 67, 125, 190, 199, 324, 347, 385, 399, 440, 480]
[7, 111, 135, 223, 243, 306, 443, 453, 461, 499]
[81, 156, 261, 275, 283, 365, 366, 408, 465, 500]
[165, 230, 231, 244, 303, 322, 420]
[2, 11, 57, 122, 179, 213, 276, 314, 412, 430, 476]
[14, 40, 50, 59, 158, 219, 240, 292, 318, 331, 393, 418, 479]
[102, 106, 170, 229, 263, 381, 442, 452]
[10, 62, 82, 134, 186, 307, 439]
[54, 80, 96, 153, 241, 267, 431, 435, 447]
[19, 49, 191, 200, 215, 280, 320, 342, 368, 375, 427, 491]
[35, 99, 130, 133, 174, 197, 359, 372, 378, 394, 414, 467]
[30, 64, 182, 183, 218, 266, 339, 380, 474, 488]
[53, 126, 128, 152, 255, 299, 384, 433, 485]
[112, 123, 131, 154, 187, 363, 364, 382, 417]
[47, 173, 268, 281, 288, 332, 402, 426, 436, 448]
[58, 68, 164, 220, 262, 311, 326, 396, 428]
[55, 65, 148, 217, 227, 285, 310, 445, 490]
[20, 100, 101, 143, 209, 214, 237, 254, 260, 317, 450]
[4, 24, 70, 117, 176, 181, 195, 264, 289, 319]
[56, 69, 85, 222, 225, 286, 298, 330, 373, 388, 424]
[9, 160, 272, 282, 346, 415, 423, 438, 473]
[150, 155, 166, 167, 277, 278, 336, 350, 362, 410, 444]
[37, 66, 77, 95, 162, 163, 392, 422, 451, 486]
[3, 12, 43, 138, 151, 185, 201, 257, 340, 483]
[94, 104, 114, 124, 239, 334, 376, 405, 437, 475, 489]
[61, 93, 228, 235, 249, 251, 258, 390, 463]
[6, 18, 31, 129, 145, 406, 409, 419, 477, 495]
[17, 46, 121, 132, 146, 159, 238, 351, 460, 472, 482]
[36, 84, 97, 144, 157, 177, 188, 284, 462, 487]
