Variable Length Representation of Loading:
[11, 14, 80, 209, 233, 311, 338, 346, 351, 429, 470]
[16, 46, 82, 158, 235, 317, 413, 438, 477, 484, 495]
[31, 35, 36, 42, 48, 84, 149, 180, 252, 491]
[10, 39, 52, 61, 98, 100, 114, 168, 239, 318, 374]
[44, 89, 107]
[51, 123, 162, 183, 245, 254, 281, 283, 290, 308, 328]
[64, 126, 250, 258, 295, 305, 312, 325, 364, 398, 426]
[30, 41, 66, 108, 227, 257, 291, 310, 385, 390, 498]
[19, 57, 73, 272, 307, 322, 326, 333, 340, 466, 468]
[15, 60]
[13, 56, 62, 77, 94, 174, 181, 392, 400, 472, 488]
[37, 59, 117, 128, 139, 143, 334, 403, 419]
[109, 112, 135, 142, 167, 270, 349, 360, 389, 431, 496]
[17, 93, 110, 122, 124, 145, 238, 271, 280, 329, 402]
[24, 99, 150, 151, 152, 230, 261, 279, 345, 409, 447]
[105, 131, 154, 222, 267, 306, 342, 366, 452, 478, 489]
[163, 186, 204, 219, 339, 353, 386, 463, 476, 486]
[20, 173, 192, 211, 234, 246, 285, 361, 387, 420, 456]
[81, 95, 190, 215, 335, 341, 365, 367, 444, 455]
[137, 165, 195, 236, 300, 373, 383, 384, 393, 458]
[6, 27, 58, 78, 116, 198, 220, 259, 459, 464, 492]
[38, 90, 130, 184, 218, 240, 248, 288, 304, 469, 475]
[45, 53, 189, 196, 216, 243, 294, 301]
[47, 68, 175, 255, 313, 372, 408, 437, 497, 499]
[33, 63, 75, 132, 169, 178, 213, 269, 309, 415, 448]
[43, 87, 102, 172, 179, 273, 381, 417, 435, 479]
[49, 55, 91, 101, 210, 247, 276, 314, 344, 432]
[76, 121, 133, 134, 136, 242, 253, 292, 439, 442]
[40, 50, 103, 147, 199, 202, 237, 286, 319, 321]
[115, 188, 214, 225, 320, 354, 370, 440, 451, 457]
[1, 85, 96, 119, 187, 251, 266, 323, 436, 480]
[5, 138, 201, 223, 293, 299, 350, 363, 427, 453]
[28, 120, 161, 177, 191, 226, 232, 327, 347, 378]
[125, 228, 262, 296, 316, 332, 355, 391, 445, 460]
[23, 34, 153, 264, 289, 336, 376, 396, 399, 410]
[3, 69, 70, 118, 166, 324, 348, 404, 446, 449]
[25, 32, 72, 197, 249, 274, 371, 411, 473, 485]
[4, 104, 164, 206, 207, 268, 298, 395, 430, 461]
[129, 157, 159, 200, 263, 287, 302, 357, 421, 433]
[67, 160, 176, 277, 359, 368, 401, 418, 434, 450]
[7, 140, 146, 182, 205, 358, 380, 394, 405, 465]
[8]
[18, 54, 65, 79, 148, 331, 356, 471, 487, 500]
[83, 194, 217, 244, 362, 382, 483, 493]
[9, 106, 127, 156, 212, 297, 337, 343, 377, 412]
[111, 141, 193, 224, 229]
[231, 265, 315, 414, 441]
[29, 86, 88, 92, 97]
[170, 171, 185, 203, 241]
[256, 275, 282, 303, 352]
[379, 388, 397, 407, 423]
[454, 474, 482]
[22, 462, 2, 12, 21]
[416, 494]
[71, 74, 155, 369, 375, 406, 422, 425, 481]
[26, 144, 278, 284, 330, 424, 428, 443, 467]
[113, 208, 221, 260, 490]
