Variable Length Representation of Loading:
[11, 16, 35, 39, 44, 51, 64, 66, 450]
[73, 74, 94, 117, 133, 135, 145, 151, 154, 163]
[100, 149, 173, 190, 195, 198, 240, 243, 255, 269, 273, 276, 292]
[169, 300, 319, 320, 323, 363, 378, 391, 396, 404, 411, 430, 433]
[9, 14, 46, 84, 465, 467, 487, 493]
[15, 56, 107, 139, 142, 238, 245, 250, 261, 267, 291, 329, 426, 466]
[33, 43, 101, 353, 361, 365, 393, 459, 475, 494, 497]
[38, 70, 199, 225, 266, 293, 297, 327, 332, 410]
[5, 48, 52, 59, 72, 104, 157, 160, 205, 330, 356, 362, 412, 470, 495]
[19, 27, 60, 62, 143, 260, 308, 328, 364, 498]
[41, 167, 280, 339, 370, 387, 444, 447, 458, 489]
[1, 45, 68, 132, 168, 172, 210, 242, 321, 409, 422]
[28, 125, 153, 166, 197, 206, 217, 287, 359, 380, 424, 471]
[42, 61, 105, 108, 113, 259, 283, 340, 346, 375, 398, 400, 484]
[17, 115, 219, 249, 285, 345, 419, 455, 478, 496]
[49, 76, 103, 216, 313, 442, 448, 464, 469, 479]
[32, 34, 109, 119, 188, 226, 298, 304, 324, 427, 445]
[7, 26, 79, 110, 194, 221, 322, 343, 421, 429, 434, 438, 472]
[58, 147, 178, 184, 189, 204, 211, 344, 367, 373, 381, 408]
[118, 174, 191, 296, 338, 399, 431, 436, 453]
[182, 212, 268, 284, 302, 314, 331, 351, 418, 483]
[53, 57, 155, 158, 180, 239, 254, 258, 385, 490]
[93, 99, 121, 192, 215, 236, 334, 389, 452, 486]
[87, 150, 175, 213, 247, 253, 286, 354]
[3, 36, 187, 201, 222, 347, 355, 371, 376, 461]
[8, 18, 159, 176, 227, 244, 337, 358, 477]
[114, 208, 290, 295, 310, 333, 369, 392, 403]
[47, 179, 218, 246, 341, 384, 416, 463, 492]
[120, 202, 228, 299, 336, 449, 457, 480, 485]
[54, 83, 106, 164, 357, 368, 394, 443]
[10, 89, 123, 126, 311, 326, 413, 491]
[71, 77, 112, 122, 128, 230, 342, 476]
[20, 81, 116, 130]
[40, 63, 91, 96, 102, 134, 440]
[25, 138, 207, 232, 262, 289, 446]
[67, 80, 148, 263, 377, 405, 428]
[82, 98, 162, 252, 257, 305, 382]
[37, 270, 271, 272, 279, 406, 488]
[95, 165, 186, 220, 306, 456]
[288, 301, 372, 415, 417, 432]
[50, 85, 223, 316, 439, 451]
[4, 23, 69, 177, 274, 401]
[129, 140, 144, 156, 209, 235]
[31, 65, 183, 318, 325, 390]
[124, 152, 181, 360, 425, 468]
[78, 90, 131, 234, 335, 383]
[55, 294, 309, 386, 435, 437]
[136, 214, 237, 251, 348, 350]
[146, 264, 277, 278, 460, 473]
[30, 161, 200, 233, 281, 312]
[13, 127, 307, 395, 481, 500]
[317, 349, 374, 402, 420]
[6, 75, 111, 141, 193]
[2, 97, 352, 397, 454]
[248, 275, 315, 414, 474]
[22, 29, 88, 388, 482]
[21, 24, 231, 282, 441]
[92, 171, 185, 241, 303]
[86, 170, 224, 229, 407]
[12, 256, 366, 423, 462]
[203, 265, 379]
[137, 196, 499]
