Variable Length Representation of Loading:
[45, 56, 187, 200, 217, 312, 346, 355, 402]
[13, 73, 80, 151, 171, 180]
[23, 59, 108, 148, 192, 231, 278, 315, 350, 427, 448, 449]
[25, 43, 119, 135, 214, 216, 260, 288, 294, 337, 469, 491, 493]
[54, 57, 97, 144, 182, 248, 266, 298, 412, 435, 488, 497]
[9, 15, 61, 145, 175, 194, 197, 323, 325, 413, 430, 461]
[1, 4, 7, 38, 48, 83, 112, 124, 155, 236, 351, 437]
[26, 96, 105, 146, 204, 240, 245, 297, 392, 423, 476, 492]
[29, 64]
[20, 28, 37, 114, 120, 138, 166, 307, 326, 368, 453]
[34, 40, 158, 161, 181, 219, 257, 283, 328, 369, 451, 460, 481]
[3, 63, 70, 86, 104, 130, 141, 163, 82]
[68, 76, 134, 139, 221, 234, 249, 258, 332, 356, 416, 436, 463, 487]
[41, 88, 132, 140, 177, 228, 229, 242, 262, 286, 330, 420, 471]
[89, 102, 142, 190, 232, 246, 318, 354, 366, 406, 428, 450]
[90, 126, 226, 277, 291, 299, 329, 390, 411, 444, 468, 473]
[22, 133, 137, 160, 215, 243, 352, 363, 454, 484, 494]
[2, 17, 32, 39, 52, 157, 295, 327, 349, 378, 383, 410]
[12, 65, 85, 143, 167, 189, 196, 222, 310, 362, 367, 403, 485]
[94, 107, 109, 113, 116, 118, 207, 265, 336, 359, 360, 470]
[47, 81, 87, 91, 110, 174, 244, 290, 334, 381, 415, 433, 483]
[11, 58, 79, 84, 99, 100, 101, 147, 149, 230, 289, 304, 399]
[46, 71, 92, 162, 261, 302, 343, 358, 386, 442, 479, 495]
[6, 27, 95, 176, 225, 253, 269, 271, 342, 457, 458, 477]
[50, 62, 66, 75, 111, 154, 198, 224, 296, 314, 316, 338, 385, 438, 455]
[16, 78, 122, 185, 205, 206, 250, 267, 280, 345, 364, 374, 380, 384]
[10, 18, 24, 49, 131, 239, 272, 273, 287, 301, 407, 414, 418]
[55, 77, 152, 183, 195, 256, 282, 320, 339, 404, 421, 426]
[69, 153, 178, 220, 233, 255, 279, 313, 340, 382, 398, 401, 486]
[74, 129, 170, 252, 259, 275, 292, 319, 348, 357, 417, 425]
[19, 53, 60, 117, 121, 128, 218, 311, 321, 375, 395, 424, 490]
[14, 21, 42, 115, 172, 184, 199, 208, 251, 379, 388, 474]
[5, 33, 44, 67, 123, 150, 156, 164, 202, 223, 237, 429]
[35, 51, 93, 125, 159, 173, 179]
[36, 72, 136, 212, 227, 264, 285, 306, 331, 344, 361, 432]
[8, 188, 203, 247, 308, 371, 373]
[30, 31, 98, 106, 169, 186, 191, 213, 235, 238, 268, 305, 397, 400]
[210, 241, 281, 322, 341, 370, 372, 394, 434, 452, 459]
[263, 353, 365, 389]
[309, 324, 347, 377, 405, 409, 443, 456, 482, 489, 498, 499, 500]
[440, 462]
[103, 168, 274, 276, 293, 300, 391, 393, 446]
[127, 165, 193, 201, 209, 211, 376, 387, 408, 422, 431, 441, 447, 480]
[303, 335, 439, 478]
[254, 270, 284, 317, 333]
[445, 464, 465, 466, 467, 472, 475, 496]
[396, 419, 440, 462]
