Variable Length Representation of Loading:
[89, 141, 175, 187, 229, 232, 286, 328, 363, 407]
[13, 22, 41, 96, 109, 115, 233, 262, 350, 364, 381, 396, 401]
[7, 17, 23, 31, 32, 133, 173, 234, 283, 302, 343, 394, 439, 460, 466, 472]
[25, 35, 74, 147, 195, 205, 240, 280, 296, 312, 475, 495]
[18, 54, 66, 73, 87, 122, 223, 247, 259, 423]
[61, 136, 149, 154, 165, 179, 287, 361, 377, 380, 437]
[67, 83, 143, 221, 228]
[19, 56, 105, 126, 151, 180, 218, 418, 421, 462, 465, 481]
[14, 52, 59, 138, 222, 275, 276, 300, 334, 341, 432, 470]
[47, 81, 82, 97, 107, 110, 111, 174, 186, 248, 255, 265, 368, 422]
[20, 29, 123, 150, 216, 217, 226, 288, 291, 371, 385]
[11, 70, 95, 146, 201, 261, 330, 416, 426, 448, 459]
[37, 101, 128, 178, 298, 305, 420, 433]
[71, 103, 137, 140, 170, 230, 366, 413, 428, 479, 488]
[12, 21, 44, 75, 106, 231, 271, 272, 281, 342, 362, 444, 464]
[77, 84, 215, 274, 309, 311, 352, 367]
[4, 36, 51, 99, 139, 172, 203, 220, 250, 267, 279, 351, 493]
[45, 72, 102, 197, 202, 284, 346, 382, 417, 429, 498, 499]
[42, 64, 80, 85, 171, 192, 212, 258, 270, 345, 392, 400, 438, 442]
[5, 112, 159, 209, 213, 214, 289, 348, 411, 446, 483]
[1, 33, 53, 78, 104, 119, 152, 210, 268, 290, 410, 434, 471]
[50, 60, 86, 144, 160, 167, 304, 390, 452, 457]
[27, 63, 108, 134, 145, 148, 162, 176, 266, 292, 301, 324, 474]
[16, 39, 57, 166, 199, 219, 224, 242, 252, 257, 310, 325, 391]
[6, 120, 129, 185, 191, 206, 297, 320, 331, 355, 406, 427]
[28, 157, 168, 184, 194, 308, 313, 319, 339, 357, 408, 419, 454]
[48, 94, 131, 198, 200, 251, 264, 326, 360, 398, 424, 435]
[65, 100, 113, 189, 246, 315, 318, 321, 359, 372, 389, 414, 436, 450, 453, 456]
[2, 8, 79, 93, 183, 225, 249, 314, 332, 356, 376, 399, 425, 447, 469]
[24, 46, 155, 227, 245, 306, 358, 370, 373, 375, 463, 490]
[26, 30, 38, 43, 124, 135, 161, 193, 204, 273, 282, 379, 402]
[10, 69, 92, 114, 125, 127, 158, 164, 188, 208, 285]
[9, 49, 88, 117, 130, 132, 153, 156, 244, 307, 405]
[58, 116, 121, 182, 238, 239, 269, 277, 333, 337, 365, 430, 487]
[90, 91, 98, 118, 142, 190, 293, 323, 336, 354, 386, 387, 388]
[3]
[76, 163, 177, 196, 254, 256, 260, 295, 335, 338, 353, 393, 431, 449, 461]
[40, 235, 236, 253, 317, 347, 349, 384, 395, 441, 467, 482]
[169, 243, 303, 322, 340, 378, 458, 473, 480, 491, 496]
[443, 477, 494, 497, 34, 55, 294, 299]
[316, 369, 374, 383, 403, 415, 440, 451, 476, 485]
[15, 62, 68, 181, 207, 211, 278, 327, 329, 344, 412, 445, 478]
[237, 241, 263, 404, 492, 500]
[409, 484, 486, 489]
[455, 468]
