Variable Length Representation of Loading:
[4, 27, 43, 75, 100, 147, 162, 209, 223, 230, 251, 258, 261, 265, 277, 294, 296, 301]
[314, 334, 339, 354, 372, 373, 386, 394, 399, 401, 430, 439, 460, 461, 462]
[22, 36, 53, 82, 127, 165, 189, 193, 213, 240, 246, 268, 290, 322, 338, 480, 482, 485]
[3, 31, 41, 44, 104, 121, 130, 163, 208, 278, 327, 329, 404, 408, 415, 442, 445, 449]
[11, 65, 166, 185, 194, 197, 250, 302, 342, 349, 353, 364, 387, 403, 422, 424, 425, 471]
[19, 62, 98, 107, 108, 114, 131, 198, 216, 242, 255, 283, 284, 298, 311, 321, 357, 433, 435]
[30, 48, 81, 146, 158, 173, 233, 239, 249, 282, 292, 324, 345, 356, 443, 456, 499]
[5, 10, 412, 426, 490]
[13, 23, 25, 54, 61, 83, 105, 300, 368, 369, 371, 416, 420, 428, 444, 484]
[50, 64, 80, 93, 110, 140, 144, 155, 167, 253, 272, 276, 306, 393, 395, 436, 494]
[17, 113, 116, 118, 136, 151, 169, 215, 224, 270, 295, 333, 366, 379, 380, 469]
[9, 16, 178, 202, 227, 269, 307, 313, 315, 331, 374, 421, 466]
[6, 12, 29, 74, 172, 177, 214, 219, 226, 252, 291, 317, 351, 382, 489]
[2, 39, 66, 77, 138, 161, 192, 199, 201, 225, 347, 375, 400, 500]
[68, 103, 132, 141, 184, 205, 328, 388, 389, 396, 417, 457, 483]
[18, 84, 90, 91, 204, 244, 303, 320, 363, 377, 385, 450]
[26, 150, 183, 190, 191, 221, 236, 297, 361, 455, 472, 496]
[32, 106, 109, 154, 232, 332, 407, 409, 431, 447, 492]
[33, 42, 49, 51, 57, 70, 119, 152, 234, 238, 305]
[156, 168, 171, 220, 231, 289, 344, 454, 468, 474]
[14, 78, 122, 160, 222, 229, 323, 362, 463, 488]
[37, 79, 96, 112, 176, 182, 410, 479, 497]
[92, 126, 128, 188, 243, 248, 263, 316, 414]
[129, 135, 139, 174, 228, 241, 397, 429, 434]
[45, 56, 187, 200, 217, 312, 346, 355, 402]
[7, 73, 85, 120]
[15, 34, 145, 264, 340, 343, 384, 453]
[20, 63, 125, 319, 348, 383, 405, 495]
[21, 60, 235, 493]
[88, 97, 210, 256, 309, 359, 378, 448]
[40, 67, 72, 123, 186, 299, 352]
[117, 133, 137, 175, 195, 266, 337]
[1, 58, 102, 391, 432, 464, 481]
[170, 207, 257, 275, 304, 330, 358]
[95, 149, 179, 376, 267, 274]
[52, 69, 94, 111, 142, 159, 335]
[46, 350, 390, 398, 441, 452, 498]
[55, 76, 196, 273, 280, 370, 419]
[8, 47, 115, 181, 247]
[259, 262, 325, 413, 446, 475, 487]
[28, 35, 38, 59, 71, 86, 87]
[89, 101, 124, 143, 148, 153, 180]
[206, 211, 245, 271, 281, 286, 287]
[318, 381, 418, 423, 440, 458, 459]
[467, 491, 260, 293, 392, 411, 437]
[24, 99, 134, 157, 164, 212, 254, 279, 288, 308, 310, 341, 365, 406, 465, 486]
[237, 326, 336, 360, 367]
[285, 427, 203, 218]
[451, 470, 473, 476, 478]
[179, 376, 267, 274]
