Variable Length Representation of Loading:
[16, 58, 60, 107, 110, 153, 168, 195, 329, 377]
[45, 72, 80, 82, 138, 169, 176, 202, 214, 216, 316, 332, 374, 379, 416]
[4, 47, 87, 91, 102, 114, 115, 175, 212, 224, 266]
[11, 49, 63, 75, 119, 120, 129, 149, 245, 288, 320, 323, 341]
[5, 48, 50, 70, 104, 131, 207, 230, 236, 310, 373, 413, 498, 500]
[54, 88, 95, 108, 164, 210, 248, 279, 309, 321, 327, 497]
[23, 65, 99, 157, 192, 194, 262, 268, 281, 348, 355, 392]
[30, 34, 112, 122, 123, 242, 253, 258, 273, 295, 328, 371, 375]
[18, 21, 27, 55, 69, 83, 150, 223, 234, 297, 314, 383, 391]
[42, 76, 89, 125, 127, 140, 179, 184, 211, 250, 252, 280, 345, 394]
[35, 44, 74, 79, 117, 155, 165, 190, 232, 307, 354, 376, 405]
[8, 13, 20, 37, 78, 105, 208, 278, 306, 338, 362, 468]
[9, 14, 25, 32, 97, 161, 265, 267, 302, 352, 474]
[1, 10, 100, 142, 151, 185, 215, 238, 299, 364, 388, 414]
[3, 28, 43, 85, 106, 174, 186, 189, 269, 271, 308]
[19, 46, 52, 113, 156, 173, 219, 260, 286, 290, 363, 415]
[7, 31, 36, 57, 121, 159]
[6, 68, 86, 172, 221, 291, 317, 319, 336, 347, 360, 406]
[24, 41, 130, 132, 178, 201, 203, 204, 241, 254, 381, 387]
[26, 56, 71, 133, 139, 145, 146, 170, 180, 225, 256, 274]
[12, 33, 93, 116, 154, 166, 199, 205, 222, 229, 353, 389]
[39, 101, 228, 237, 244, 251, 285, 298, 311, 334, 350, 384]
[22, 147, 163, 182, 198, 217, 247, 276, 277, 304, 343, 359, 390]
[62, 81, 90, 92, 98, 148, 171, 300, 305, 333, 382, 411]
[15, 66, 118, 141, 144, 181, 259, 322, 339, 351, 356, 398]
[84, 111, 162, 167, 196, 200, 226, 227, 239, 294, 346, 361]
[2, 59, 73, 137, 143, 188, 218, 325, 331, 337, 393]
[29, 38, 64, 77, 128, 220, 284, 287, 318, 340, 412]
[53, 61, 67, 96, 134, 177, 233, 246, 303, 315, 378, 480]
[17, 40, 51, 152, 158, 191, 263, 282, 283, 293, 296, 342, 386]
[126, 136, 160, 197, 206, 249, 270, 313, 326, 344, 385]
[275, 335, 358, 365, 366, 367, 368, 369, 370, 372]
[395, 396, 397, 399, 400, 401, 402, 403, 404]
[103, 243, 407, 408, 409, 410, 417, 418, 419, 428, 429, 440, 478]
[430, 431, 432, 433, 434, 435, 436, 437, 438, 439, 448, 465]
[235, 441, 442, 443, 444, 445, 446, 447, 449, 450, 451, 452, 453, 496]
[454, 455, 456, 457, 458, 459, 460, 461, 462, 463, 464]
[466, 467, 469, 470, 471, 472, 473, 475, 476, 477, 479, 487]
[109, 481, 482, 483, 484, 485, 486, 488, 489, 490, 491, 492]
[187, 209, 240, 289, 292, 324, 330, 349, 380, 499]
[94, 124, 135, 183, 213, 231, 257, 301, 493, 494, 495]
[357, 420, 421, 422, 423, 424, 425, 426, 427]
