Variable Length Representation of Loading:
[11, 39, 62, 72, 161, 206, 221, 236, 272, 295, 296, 428, 474, 483, 485, 496]
[33, 47, 108, 112, 132, 148, 175, 186, 233, 281, 319, 398, 425]
[53, 68, 160, 199, 247, 310, 345, 375, 379, 386, 415]
[4, 20, 61, 64, 66, 118, 120, 264, 313, 362, 387]
[13, 15, 78, 127, 157, 190, 208]
[24, 31, 38, 42, 48, 69, 104, 219, 421]
[12, 49, 125, 136, 142, 184, 231, 260, 286, 456]
[8, 16, 99, 133, 153, 165, 193, 243, 256, 326, 460]
[59, 60, 75, 94, 98, 229, 253, 285, 346, 368, 406, 424, 462]
[17, 36, 101, 150, 217, 223, 347, 429, 431, 497]
[18, 30, 34, 41, 54, 85, 87, 93, 103, 204, 299, 341, 344]
[9, 128, 140, 173, 178, 210, 238, 392, 463, 465]
[5, 22, 46, 52, 71, 123, 141, 154, 216, 325, 350, 470]
[73, 207, 230, 252, 262, 278, 292, 297, 317, 334, 402, 404, 434]
[37, 105, 145, 169, 240, 261, 276, 309, 337, 388]
[3, 44, 55, 88, 122, 164, 225, 266, 268, 271, 298, 312, 323]
[2, 7, 79, 111, 129, 194, 226, 251, 267, 294, 336, 390, 403]
[51, 143, 149, 158, 203, 232, 263, 291, 302, 339]
[32, 35, 89, 126, 168, 235, 279, 304, 315, 393, 408, 433, 437, 447]
[28, 40, 84, 151, 191, 274, 287, 324, 353, 435, 464]
[6, 58, 67, 77, 81, 139, 159, 176, 242, 358, 439]
[25, 76, 92, 106, 113, 163, 195, 290, 311, 332, 359, 494]
[57, 82, 117, 171]
[65, 489, 491, 249, 265, 321]
[14, 63, 96, 109, 114, 192, 239, 270, 372]
[26, 45, 110, 121, 124, 198, 202, 205, 241, 246, 255, 273, 293, 306, 380]
[23, 27, 43, 70, 116, 119, 214, 234, 259, 351, 356, 438, 443, 449]
[1, 56, 83, 86, 91, 95, 100, 137, 156, 227, 258, 389, 416, 440, 445, 498]
[21, 97, 147, 166, 172, 211, 250, 254, 280, 303, 320, 333, 352, 357, 360, 422]
[10, 74, 102, 115, 197, 248, 282, 335, 361, 486]
[80, 130, 131, 134, 182, 183, 185, 201, 224, 318, 342, 366, 442, 499]
[19, 29, 50, 181, 218, 305, 316, 343, 354, 364, 382, 409, 444, 446, 490]
[90, 146, 177, 212, 275, 300, 314, 331, 355]
[200, 228, 244, 269, 307, 330, 381, 448, 471]
[327, 329, 363, 367, 369, 370, 371, 373, 384, 394, 423, 461]
[374, 376, 377, 378, 383, 385, 391, 395, 397]
[399, 400, 407, 410, 411, 412, 413, 414, 432]
[417, 419, 420, 426, 450, 451, 452, 453]
[454, 455, 457, 466, 467, 468, 469, 472, 473]
[475, 476, 478, 479, 480, 481, 482, 484, 488]
[107, 174, 213, 237, 288, 308, 492, 493]
[138, 188, 189, 215, 284, 349, 495]
[155, 196, 257, 283, 289, 301, 338, 340, 427, 500]
[135, 144, 167, 222, 348, 430, 458, 459, 477, 487]
[249, 265, 321]
[489, 491]
[152, 162, 170, 179, 209, 220, 277, 396, 405, 436, 441]
[365, 401, 418]
