Variable Length Representation of Loading:
[23, 58, 103, 110, 113, 272, 301, 305, 451]
[29, 36, 119, 176, 188, 219, 278, 306, 452]
[9, 93, 98, 102, 168, 213, 303, 330, 416]
[64, 100, 105, 111, 230, 265, 337]
[16, 80, 123, 129, 218, 302, 353, 446]
[4, 8, 85, 165, 220, 253, 363, 366, 476]
[3, 6, 67, 227, 289, 331, 393, 411, 426]
[15, 154, 166, 280, 319, 400, 402, 439, 492]
[52, 81, 142, 160, 254, 260, 277, 307, 432, 456, 465]
[21, 78]
[32, 49, 54, 69, 121, 158, 201, 226, 235, 247, 365]
[1, 12, 55, 137, 140, 143, 147, 455]
[43, 127, 128, 200, 275, 295, 296, 457, 472]
[24, 149, 152, 237, 255, 435, 478]
[70, 89, 91, 169, 206, 271, 285, 323, 357, 370, 380, 409]
[61, 148, 187, 215, 240, 348, 387, 462, 471]
[151, 162, 259, 342, 350, 356, 403, 420, 485]
[63, 87, 104, 139, 290, 415, 434, 436, 448]
[41, 196, 203, 267, 269, 276, 405, 458]
[7, 30, 189, 234, 268, 294, 412, 433, 447]
[26, 59, 182, 245, 299, 384, 449, 474]
[11, 20, 170, 198, 199, 256, 310, 333, 369, 422]
[10, 37, 50, 76, 257, 338, 354, 394, 396]
[74, 115, 298, 328, 341, 362, 371, 450, 488]
[208, 270, 324, 368, 379, 427, 442, 466]
[27, 47, 72, 79, 150, 212, 349, 361, 367, 490]
[53, 71, 112, 133, 225, 300, 343, 464, 467]
[39, 66, 241, 244, 246, 389, 413, 418]
[34, 46, 68, 83, 130, 132, 167, 223, 231, 248, 264, 334]
[13, 31, 145, 274, 283, 286, 398, 424]
[35, 122, 124, 141, 178, 205, 282, 309, 312, 325, 336, 374]
[14, 45, 75, 273, 316, 397, 410, 419]
[94, 135, 136, 293, 308, 335, 376, 381, 406, 429]
[22, 90, 131, 314, 383, 385, 386, 340, 423]
[42, 108, 156, 232, 339, 454, 473]
[2, 118, 120, 224, 261]
[33, 82, 114, 279, 304, 378, 437, 444]
[62, 84, 134, 193, 216, 238]
[86, 107, 171, 179, 185, 217, 364, 425, 470]
[25, 125, 177, 181, 202, 251, 252, 344, 390]
[73, 95, 197, 229, 311, 417, 421, 461, 500]
[88, 174, 195, 207, 318, 345, 358, 375]
[56, 96, 117, 172, 239, 281, 320, 382, 391, 408, 460]
[48, 77, 101, 153, 159, 194, 214, 326, 327, 401, 431]
[17, 204, 242, 258, 262, 355, 372]
[18, 40, 60, 106, 175, 211, 322, 347, 407]
[28, 38]
[5, 19, 57, 99, 116, 161, 183, 191, 291, 292, 395]
[138, 173, 221, 243, 250, 377, 392, 441]
[44, 109, 155, 210, 222, 236, 284, 463]
[480, 481, 482, 483, 484, 486, 491]
[92, 440, 493, 494, 495, 496, 497, 498]
[97, 157, 186, 190, 192, 249, 288, 317, 359, 388]
[144, 163, 228, 233, 266, 297, 315, 332, 468, 487]
[51, 65, 287, 313, 351, 438, 445, 459, 469]
[443, 479]
