Variable Length Representation of Loading:
[23, 58, 103, 110, 113, 272, 301, 305, 451]
[1, 107, 180, 234, 249, 302, 365, 410]
[2, 97, 139, 148, 223, 259, 282, 289, 325, 372, 418]
[3, 71, 124, 208, 271, 312, 323, 333, 383, 397]
[4, 56, 106, 122, 238, 252, 316, 381, 432, 454]
[5, 85, 98]
[6, 77, 88, 158, 187, 231, 256, 276, 342, 424]
[7, 51, 120, 134, 240, 278, 335, 402, 450]
[8, 135, 197, 232, 266, 286, 344, 420]
[9, 57, 75, 96, 189, 261, 321, 371, 444]
[10, 136, 163, 185, 251, 303, 334, 374, 443]
[11, 60, 146, 170, 228, 311, 363, 401]
[12, 105, 142, 218, 250, 296, 361, 404, 456]
[13, 84, 126, 152, 224, 274, 338, 409, 428]
[14, 116, 157, 178, 209, 292, 357, 394]
[15, 109, 127, 166, 207, 270]
[17, 16]
[18]
[19, 133, 150, 172]
[20, 121, 184, 269, 324, 406]
[21, 63, 182, 260, 326, 375, 440]
[22, 65, 159, 177, 206, 229, 279, 339, 429]
[24, 78, 186, 239, 319, 358, 407, 435]
[25, 119, 143, 193, 200, 227, 258, 307, 349, 395, 438]
[26, 72, 140, 164, 205, 222, 295, 364, 412]
[27, 81, 92, 117, 192, 268, 337, 405]
[28, 53, 101, 128, 173, 202, 233, 277, 297, 330, 369, 427]
[29, 91, 99, 115, 191, 255, 327, 350, 400, 426]
[30, 54, 67, 87, 190, 210, 298, 340, 368, 386]
[31, 61, 70, 82, 102, 112, 215, 273, 352, 442]
[32, 55, 86, 141, 196, 257, 300, 346]
[33, 130, 144, 211, 254, 314, 353, 389, 422]
[34, 68, 161, 175, 244, 293, 332, 373, 416]
[35, 62, 79, 114, 125, 201, 237, 306, 377, 431]
[36, 59, 73, 111, 235, 288, 331, 391, 433]
[37, 69, 95, 123, 176, 247, 267, 317, 345, 390, 415, 448]
[38, 137, 155, 174, 226, 291, 322, 380, 419]
[39, 100, 162, 221, 262, 348, 413]
[40, 89, 156, 181, 219, 275, 285, 367, 423]
[41, 76, 145, 213, 284, 351, 392]
[42, 131, 179, 246, 315, 328, 387]
[43, 64, 154, 188, 214, 264, 308, 343, 378, 445, 467]
[44, 93, 165, 195, 245, 320, 329, 384, 430]
[45, 138, 171, 194, 241, 304, 382, 403, 414]
[46, 80, 129, 147, 248, 299, 370, 417, 455]
[47, 66, 167, 216, 263, 309, 366, 393]
[48, 104, 153, 199, 236, 281, 287, 347, 411]
[49, 118, 151, 160, 168, 217, 243, 294, 360, 436]
[50, 74, 108, 198, 230, 313, 354, 399, 425, 453]
[457]
[468, 18]
[476, 477, 478, 479, 480, 481, 482, 492]
[483, 484, 485, 486, 487, 488, 489, 490, 491]
[493, 494, 495, 496, 497, 498, 499, 500]
[52, 83, 90, 212, 253, 318, 355, 421]
[203, 265]
[94, 149, 220, 242, 280, 336, 376, 388, 439]
[396, 441]
[452]
[359, 379, 434]
[469, 470, 471, 472, 473, 474, 475]
[132, 169, 204, 290]
[458, 459, 460, 461, 462, 463, 464, 465, 466]
[310, 362, 408]
