Variable Length Representation of Loading:
[44, 155, 158, 184, 216, 320, 353, 370, 396, 496]
[23, 117, 200, 207, 211, 251, 267, 328, 360]
[14, 58, 104, 183, 219, 313, 331, 405, 424]
[90, 91, 103, 311, 322, 414, 441]
[32, 110, 153, 228, 268, 283, 308, 380]
[83, 96, 102, 113, 131, 137, 257, 287, 336, 429]
[52, 177, 272, 314, 344, 412, 415, 460, 472]
[12, 88, 149, 154, 233, 301, 352, 458]
[31, 114, 123, 126]
[11, 29, 105, 188, 209, 299, 306, 395, 403, 451]
[1, 80, 112, 142, 324, 433, 445]
[76, 79, 107, 168, 173, 321, 437]
[28, 180, 204, 263, 371, 413, 427, 431, 486]
[22, 36, 87, 99, 108, 205, 214, 220, 234, 265, 428]
[9, 42, 121, 136, 160, 249, 275, 296, 332, 351, 369]
[15, 25, 35, 38, 133, 185, 302, 329, 463]
[19, 47, 59, 109, 227, 232, 298, 365, 409, 474]
[94, 254, 291, 295, 354, 387, 402, 404, 410]
[2, 50, 140, 165, 377, 388, 426, 443]
[30, 46, 68, 97, 221, 224, 258, 281, 294, 355, 444]
[89, 139, 191, 203, 241, 244, 334, 375, 385, 464]
[27, 148, 273, 309, 335, 367, 447]
[24, 55, 95, 145, 178, 223, 276, 318, 366, 461]
[39, 130, 192, 248, 256, 259, 286, 357, 449, 457]
[40, 84, 98, 198, 282, 307, 378, 398, 442]
[7, 75, 152, 179, 202, 225, 289, 386, 436]
[93, 115, 134, 274, 325, 341, 345, 373, 489]
[127, 171, 193, 197, 201, 222, 242, 372, 448, 456, 462, 475, 487]
[37, 166, 187, 260, 262, 347, 350, 401, 418]
[3, 206, 215, 217, 226, 261, 362, 384, 438, 465]
[17, 71, 72, 119, 144, 162, 194, 399, 400, 452, 485]
[20, 124, 175, 190, 343, 361, 408, 434, 455, 490]
[10, 69, 101, 129, 161, 208, 280, 327, 368, 419, 453]
[26, 51, 53, 74, 246, 271, 290, 300, 390]
[16, 45, 125, 146, 312, 315, 337, 379, 466]
[41, 63, 85, 86, 118, 230, 278, 292, 323, 391]
[48, 57, 67, 250, 317, 333, 349, 382, 421, 473]
[77, 116, 150, 196, 199, 213, 342, 348, 364, 383]
[4, 66, 132, 174, 218, 240, 255, 439]
[49, 56, 62, 195, 237, 339, 363, 394]
[106, 143, 169, 210, 304, 423, 446, 450]
[122, 141, 156, 164, 247, 270, 303, 338, 406, 411]
[33, 54, 64, 151, 159, 238, 253, 359, 420]
[61, 135, 167, 235, 252, 277, 310, 440, 467, 488]
[21, 60, 128, 231, 285, 316, 376, 416, 459]
[13, 34, 70, 100, 120, 172, 229, 288, 297, 381, 417, 425]
[6, 8, 18, 147, 176, 279, 293, 340, 432]
[157, 170, 181, 245, 284, 326, 330, 346, 454]
[5, 43, 73, 81, 82, 138, 163, 236, 269, 356]
[392, 468, 469, 470, 471, 476, 477, 478]
[479, 480, 481, 482, 483, 484, 492]
[491, 493, 494, 495, 497, 498, 499, 500]
[78, 186, 239, 319, 358, 389, 407, 422, 435]
[397, 430, 65, 92, 111, 189, 212, 243]
