Variable Length Representation of Loading:
[23, 58, 103, 110, 113, 272, 301, 305, 451]
[20, 82, 173, 340, 367, 407, 420, 438, 488]
[39, 122, 156, 258, 265, 275, 297, 315, 421, 499]
[37, 50, 66, 97, 148, 193, 214, 279, 382, 401]
[69, 176, 242, 246, 290, 321, 326, 343, 359]
[27, 78, 182, 216, 247, 294, 409, 455]
[185, 264, 270, 296, 365, 391, 431, 439, 498]
[19, 52, 212, 335, 351, 361, 408, 423, 444, 460]
[1, 12, 147, 208, 299, 341, 487]
[38, 109, 195, 217, 238, 250, 267, 342, 362, 385]
[36, 43, 45, 92, 123, 248, 310, 406, 492]
[25, 49, 60, 70, 184, 199, 209, 323]
[44, 62, 136, 142, 183, 237, 285, 292, 432]
[115, 200, 260, 295, 338, 344, 376, 422, 433, 494]
[26, 29, 143, 161, 169, 203, 395, 397, 446, 461, 486]
[9, 11, 30, 57, 65, 77, 311, 375, 389, 399, 404, 435, 468]
[2, 22, 33, 95, 105, 207, 252, 442]
[84, 100, 154, 175, 363, 398, 413, 445]
[6, 8, 18, 139, 174, 262, 322, 346, 469]
[15, 48, 79, 96, 146, 197, 251, 259, 286]
[67, 99, 107, 151, 158, 191, 283, 327, 349, 388]
[13, 64, 76, 168, 198, 204, 257, 313]
[88, 131, 134, 177, 202, 308, 317, 368, 416, 424]
[74, 226, 243, 354, 364, 405, 437, 490]
[165, 288, 325, 347, 358, 369, 371, 394, 441]
[3, 108, 112, 160, 227, 234, 276, 318, 419]
[47, 73, 121, 189, 224, 233, 314, 497]
[34, 55, 106, 111, 137, 194, 235, 239, 378]
[126, 141, 144, 172, 188, 211, 316, 324, 366, 412]
[46, 102, 181, 249, 253, 291, 293, 303, 350, 355, 390, 456, 489]
[17, 63, 320, 352, 357, 392, 440, 467]
[54, 59, 93, 98, 124, 329, 333, 345, 463]
[80, 170, 228, 230, 256, 280, 332, 383]
[28, 35, 53, 81, 178, 192, 232, 379, 396, 458, 470]
[32, 241, 269, 306, 393, 415, 457, 459, 465]
[4, 41, 86, 145, 167, 186, 304, 312, 403, 417]
[7, 72, 83, 94, 120, 163, 179, 225, 273, 466]
[101, 119, 130, 140, 187, 196, 240, 287, 370, 373, 384]
[135, 149, 201, 215, 218, 298, 334, 336, 425]
[90, 116, 164, 221, 229, 274, 307, 443]
[16, 68, 210, 281, 284, 360, 429]
[31, 75, 133, 162, 268, 353, 377, 380, 400, 464]
[91, 127, 132, 138, 159, 205, 266, 271, 330, 381, 386]
[5, 71, 89, 104, 118, 220, 244, 402, 500]
[87, 153, 166, 236, 277, 309, 337, 430]
[10, 42, 171, 231, 245, 372, 414]
[24, 40, 157, 222, 254, 263, 282, 289, 319, 428]
[14, 21, 129, 152, 155, 180, 261, 300, 302]
[61, 85, 117, 331, 348, 410, 418, 426, 434]
[427, 447, 448, 449, 450, 452, 453, 454]
[462, 471, 472, 473, 474, 475, 476, 477, 478]
[479, 480, 481, 482, 483, 484, 485]
[206, 223, 255, 339, 436, 491, 493]
[51, 114, 125, 190, 213, 328, 387, 495, 496]
[374, 411, 56, 128, 150, 219, 278, 356]
