Variable Length Representation of Loading:
[9, 15, 19, 28, 30, 40, 44, 46, 62, 70, 101, 102, 124, 136, 138, 141, 340]
[99, 170, 172, 191, 193, 240, 254, 274, 275, 289, 327, 331, 466]
[11, 43, 49, 116, 118, 282, 338, 363, 368, 398, 417, 453]
[54, 104, 212, 217, 238, 281, 312, 323, 369, 381, 384, 389, 441, 485]
[14, 167, 206, 234, 235, 266, 315, 316, 390, 403, 407, 440, 494]
[31, 57, 77, 88, 112, 190, 205, 211, 288, 374]
[26, 65, 72, 86, 119, 256, 317, 346, 366, 373, 406, 444, 492]
[155, 192, 197, 203, 248, 258, 303, 320, 382, 409, 470]
[162, 169, 201, 218, 223, 252, 253, 306, 349, 432, 445]
[7, 37, 69, 89, 128, 163, 268, 269, 293, 376, 399, 478]
[83, 114, 139, 148, 161, 177, 343, 385, 426, 452, 456, 463, 474, 487]
[6, 87, 123, 215, 220, 224, 291, 314, 379, 400, 465]
[18, 132, 137, 186, 188, 247]
[64, 95, 105, 115, 143, 160, 287, 333, 358, 428, 448, 475, 477]
[48, 82, 180, 181, 198, 225, 259, 277, 278, 298, 326, 395, 459]
[34, 133, 168, 178, 213, 231, 297, 302, 380, 415, 446, 450]
[53, 140, 166, 202, 208, 229, 271, 284, 354, 367, 430]
[55, 68, 127, 165, 233, 321, 328, 388, 464, 497]
[22, 27, 42, 66, 108, 351, 359, 473, 481, 488]
[45, 52, 74, 75, 85, 187, 263, 270, 461]
[81, 173, 199, 207, 260, 261, 296, 458, 469]
[23, 58, 103, 110, 113, 272]
[35, 151, 214, 232, 264, 337, 423, 455]
[39, 109, 171, 216, 243, 267, 348, 378]
[50, 183, 239, 246, 353, 356, 489]
[250, 286, 290, 313]
[79, 94, 96, 129, 194, 344, 361]
[2, 12, 76, 195, 236, 237, 345]
[120, 149, 227, 279, 350, 370, 460]
[145, 158, 262, 294, 393, 434]
[91, 122, 146, 230, 251, 401]
[32, 189, 372, 416, 425, 436]
[98, 182, 283, 332, 412, 413]
[245, 255, 276, 299, 322, 500]
[84, 134, 150, 221, 435, 439]
[21, 73, 117, 159, 422, 468]
[1, 59, 93, 179, 396, 424]
[111, 241, 341, 442, 483, 484]
[20, 125, 325, 419, 467]
[56, 107, 130, 222, 307]
[414, 420, 437, 449, 454]
[121, 156, 457, 479, 498]
[175, 210, 309, 319, 410]
[60, 226, 265, 347, 427]
[33, 244, 311, 411, 421]
[41, 67, 78]
[13, 36, 292, 330]
[144, 360, 371]
[17, 90, 106, 164, 429]
[184, 280, 334, 392, 447]
[3, 24, 25, 480, 493]
[100, 131, 135, 153, 154]
[157, 219, 300, 310, 324]
[355, 377, 394, 405]
[4, 5, 8, 10, 476]
[16, 29, 47, 51, 61]
[63, 71]
[152, 176, 185, 204, 209]
[228, 249, 295, 304, 329]
[335, 339, 342, 352, 387]
[397, 443, 482, 38, 200]
[362, 364, 402, 404, 408, 496]
[438, 471, 491, 495]
[418, 431, 462]
[257, 308, 336, 357, 365, 383, 391, 490]
[301, 305, 451]
[242, 318, 147, 174]
[472, 80, 97]
[196, 273, 285]
