Variable Length Representation of Loading:
[14, 19, 25, 35, 37, 72, 97, 104]
[130, 183, 228, 247, 250, 259, 264, 274]
[139, 267, 275, 307, 325, 372, 382, 395, 401, 416, 430, 434]
[122, 138, 158, 393, 435, 442, 450, 456, 495]
[125, 128, 175, 185, 205, 312, 339, 375, 389, 394, 454]
[10, 46, 142, 148, 187, 196, 218, 331, 364, 386]
[2, 5, 41, 217, 261, 436, 441, 459]
[27, 61, 78, 94, 108, 161, 169, 173, 189, 220, 288]
[273, 283, 285, 302, 314, 332, 348, 481]
[68, 101, 116, 211, 297, 304, 377, 461, 493]
[198, 227, 234, 263, 279, 284, 309, 315, 320, 397]
[24, 86, 260, 276, 293, 390, 409, 414, 424, 490]
[53, 57, 77, 245, 272, 305, 357, 400, 411, 444, 500]
[16, 73, 75, 84, 117, 147, 194, 240, 280, 384, 422]
[59, 226, 248, 347, 387, 431, 480]
[11, 42, 56, 69, 174, 252, 330]
[206, 265, 271, 291, 360, 381, 418, 479]
[70, 88, 162, 251, 256, 269, 419, 433]
[32, 96, 188, 385, 402, 471, 487]
[76, 103, 203, 294, 295, 369, 413, 470]
[38, 47, 52, 115, 134, 179, 181, 215, 242]
[63, 99, 152, 246, 262, 318, 408, 499]
[55, 67, 89, 98, 150, 180, 277, 349, 366]
[48, 105, 371, 374, 388, 406, 486]
[58, 172, 190, 308, 311, 335, 407]
[21, 113, 209, 343, 353, 451, 465]
[3, 43, 207, 358, 373, 473]
[65, 118, 354, 359, 429, 467]
[9, 120, 200, 222, 238]
[64, 136, 197, 208, 219, 268]
[177, 178, 310, 404, 421]
[15, 140, 300, 306, 475]
[123, 176, 316, 396, 428]
[50, 83, 100, 129, 460]
[8, 184, 485, 491, 497]
[40, 107, 195, 303, 356]
[216, 224]
[39, 290, 355, 392, 494]
[133, 163, 214, 468]
[170, 255, 463, 482]
[34, 221, 258, 281]
[1, 17, 253, 352]
[119, 160, 346, 469]
[92, 201, 379, 458]
[62, 324, 334]
[18, 28, 483]
[323, 337, 496]
[145, 322, 376]
[124, 167, 298]
[29, 33, 202]
[164, 244, 299]
[20, 326, 333]
[93, 327, 484]
[44, 182, 412]
[12, 204, 345]
[85, 168, 417]
[111, 192, 432]
[282, 446, 448]
[74, 81, 135]
[87, 156, 455]
[90, 155, 423]
[121, 151, 438]
[45, 126, 141]
[13, 191, 426]
[199, 233, 278]
[51, 144, 341]
[30, 166, 241]
[266, 464, 489]
[60, 71, 437]
[110, 296, 313]
[231, 425, 445]
[159, 210, 478]
[193, 439, 498]
[4, 223, 488]
[131, 474, 492]
[80, 106, 232]
[66, 102, 367]
[249, 370, 415]
[26, 449, 453]
[6, 22, 457]
[49, 153, 230]
[154, 301, 365]
[340, 398, 476]
[143, 329, 472]
[36, 132, 319]
[79, 82, 289]
[112, 286, 351]
[7, 235, 452]
[54, 336, 362]
[212, 361, 368]
[149, 399, 440]
[342, 344, 410]
[254, 270, 427]
[338, 383, 462]
[91, 171, 317]
[186, 213, 380]
[109, 114, 443]
[165, 257, 363]
[95, 157, 447]
[23, 127, 137]
[239, 321, 405]
[31, 229, 477]
[146, 287, 378]
[225, 328, 403]
[236, 391, 466]
[350]
[420]
[237, 243, 292]
