Variable Length Representation of Loading:
[14, 19, 25, 35, 37, 72, 97, 104]
[153, 190, 194, 230, 274]
[140, 157, 224, 346]
[235, 320, 376, 405, 408]
[10, 180, 208, 229, 353, 393, 402]
[183, 257, 266, 438]
[115, 214, 256, 301, 389, 414, 456, 481]
[56, 60, 63, 110, 150, 242]
[31, 43, 76, 134, 293, 385]
[155, 270, 275, 311, 412]
[3, 106, 172, 252, 265, 356]
[18, 202, 246, 279, 473]
[49, 80, 243, 397, 460]
[78, 146, 163, 181, 232]
[59, 105, 159, 173, 248, 269, 315]
[39, 44, 125, 352, 444]
[41, 87, 152, 219, 314, 396, 471]
[71, 119, 186, 205]
[52, 73, 147, 187, 192, 196, 332, 406, 454]
[84, 118, 241, 260, 267, 305, 428]
[30, 55, 148, 302, 306, 309, 310]
[13, 69, 99, 290, 421]
[5, 82, 108, 215, 254, 347]
[40, 54, 88, 178, 247, 354]
[83, 179, 201, 226, 249]
[32]
[58, 139, 165, 250, 277, 357, 420]
[34, 168, 218, 284, 407]
[20, 36, 410]
[2, 98, 169, 203, 251, 303, 417]
[47, 48, 96, 149, 200, 416]
[42, 65, 158, 199, 238, 429, 493]
[89, 129, 133, 206, 273, 283, 294, 461]
[120, 131, 255, 355, 364]
[112, 144, 280, 348, 398]
[26, 67, 128, 195, 404]
[11, 126, 188, 227, 240, 358]
[33, 61, 164, 359, 394]
[4, 51, 68, 258, 418]
[122, 175, 239, 313, 413, 468]
[45, 174, 268, 289, 395]
[91]
[21, 170, 233, 245, 445]
[27, 50, 94, 142, 161, 176, 184, 466]
[77, 81, 107, 162, 211, 295]
[109, 117, 132, 223, 307]
[24, 116, 135, 216, 220, 264, 291, 411, 433]
[141, 271, 278, 281, 312]
[8, 46, 221, 234, 253, 386, 422]
[124, 145, 382, 475, 499]
[12, 101, 103, 197, 236]
[9, 17, 62, 70, 331, 419]
[16, 95, 156, 222, 374]
[64, 130, 204, 207, 228, 286]
[66, 79, 272, 276, 288, 470]
[6, 212, 231]
[15, 23, 38, 92, 431]
[100, 151, 213, 225]
[123, 167, 209, 263, 377, 434, 482]
[85, 90, 160]
[1, 7, 22, 57, 189, 259]
[102, 137, 237, 442]
[29, 114, 138, 182, 375]
[86, 136, 154, 177, 318, 487]
[121, 210, 244, 450]
[28, 282, 316, 349]
[74, 143, 324, 435]
[296, 297, 298, 321]
[299, 317, 319]
[322, 323, 325, 330, 339, 430, 459]
[326, 327, 360, 369, 451]
[328, 329, 333]
[334, 335, 336, 343]
[337, 338, 340]
[341, 342, 344]
[345, 350, 351]
[361, 362]
[365, 366, 367, 368]
[370, 371, 372, 373, 427]
[378, 379, 380, 381]
[383, 384, 391, 392]
[399, 400, 401, 403, 415]
[423, 424, 425, 426]
[432, 437, 439]
[440, 441, 443, 467, 486]
[446, 447, 448]
[449, 452, 453]
[462, 463, 464, 465]
[472, 474, 476, 494]
[477, 478, 479, 483]
[484, 485, 488, 500]
[489, 490, 491, 492, 495, 497]
[111, 185, 496, 498]
[193, 261, 262, 285, 287, 304]
[166, 191, 300]
[409, 455, 457, 458]
[292, 390, 127, 171]
