Variable Length Representation of Loading:
[28, 200, 220, 428, 466]
[123, 306, 412, 449]
[37, 106, 175, 192, 478]
[4, 30, 75, 88, 211, 369]
[15, 35, 216, 243, 307, 432]
[13, 138, 260, 359, 365]
[5, 136, 185, 323, 348, 362]
[83, 86, 117, 162, 287, 329]
[98, 311, 326, 342, 388]
[32, 68, 105, 363, 372, 433, 482]
[190, 194, 239, 396, 496]
[118, 147, 168, 361, 371]
[95, 102, 275, 352, 411]
[107, 151, 187, 227, 250, 316, 465]
[8, 78, 236, 242, 251, 264, 274, 347, 382, 401]
[14, 84, 284, 302, 318, 415, 458]
[44, 100, 101, 290, 446]
[81, 238, 249, 488]
[210, 230, 444, 489]
[149, 240, 253, 345]
[31, 77, 268, 424, 439]
[67, 166, 291, 357, 375, 381, 491]
[17, 80, 103, 181, 276, 409, 421]
[132, 197, 246, 280, 333]
[163, 208, 212, 455]
[49, 269, 272, 315, 325, 386, 438]
[124, 165, 173, 263, 341]
[24, 40, 55, 62, 65, 205, 430, 441]
[10, 57, 116, 213, 271, 312, 331, 343, 500]
[172, 224, 245, 335, 379, 413, 485]
[60, 61, 152, 191, 237]
[33, 56, 353, 394, 397, 404, 473]
[206, 256, 322, 330, 389, 423]
[119, 177, 199, 425]
[121, 214, 354, 442, 469]
[43, 64, 73, 460, 464]
[140, 150, 164, 254, 309]
[53, 112, 115, 244, 373, 416, 479]
[3, 76, 133, 219, 295, 457]
[127, 161, 198, 202, 265, 358]
[2, 130, 178, 188, 319, 346]
[18, 27, 97, 114, 142, 148, 169, 339, 384]
[39, 159, 252, 483]
[51, 167, 189, 366, 395, 481, 486]
[146, 156, 247, 267, 383]
[143, 155, 221, 387, 408]
[50, 52, 300, 327, 385, 429]
[182, 222, 226, 403]
[19, 42, 183, 209, 400, 405, 477]
[154, 176, 288, 292, 494]
[11, 12, 128, 228, 377, 392, 406]
[7, 129, 278, 471, 493, 495]
[63, 74, 109, 418, 487]
[91, 134, 223, 321, 434]
[111, 160, 356, 437]
[85, 196, 215, 234, 289, 420, 450, 456]
[110, 153, 334]
[170, 336, 422, 484]
[71, 174, 257, 281]
[20, 22, 38, 47, 218, 261]
[16, 23, 93, 229]
[26, 99, 171, 317]
[1, 79, 297, 351]
[29, 45, 262, 270]
[9, 179, 193, 304, 355, 480]
[59, 255, 298, 374, 393, 402, 499]
[69, 92, 108, 294, 364, 447, 467]
[203, 286, 313, 391]
[34, 36, 273, 299, 470]
[21, 87, 201, 426]
[158, 277, 380, 399, 451]
[89, 94, 217, 282, 328, 332, 490]
[104, 113, 285, 310, 360, 407, 498]
[58, 233, 443, 474]
[204, 283, 296, 417]
[70, 135, 184, 195, 308]
[96, 125, 324, 340, 349, 436]
[25, 90, 225, 344, 461]
[139, 141, 157, 462]
[248, 258, 266, 492]
[66, 131, 337]
[6, 72, 82, 427, 454]
[231, 367, 370]
[122, 241, 301, 305, 320, 497]
[453, 468, 472, 476]
[46, 368, 390, 445, 475]
[144, 145, 279, 376]
[232, 314, 410, 414, 448]
[180, 186, 293, 378, 435, 459]
[41, 48, 137, 303, 350]
[54, 235, 419, 463]
[120, 259, 398, 452]
[126, 207, 338, 431]
[440]
