Variable Length Representation of Loading:
[89, 134, 151, 196, 312, 388, 404, 435, 436]
[1, 115, 145, 242, 272, 292]
[2, 64, 111, 173, 193, 295]
[3, 92, 192, 252, 290]
[4, 125, 178, 219, 288, 315]
[5, 65, 104, 114, 212, 311]
[6, 118, 191, 258]
[7, 141, 215, 274, 294]
[8, 105, 146, 266]
[9, 96, 121, 230]
[10, 63, 97, 107, 194, 225, 405]
[11, 72, 99, 127, 251, 286]
[12, 147, 186, 268, 408]
[13, 148, 155, 203, 228, 313]
[14, 58, 95, 226, 263, 271, 407]
[15, 100, 166, 238, 374]
[16, 71, 156, 217, 241]
[17, 116, 126, 175, 222, 281]
[18, 122, 130, 142, 199, 278]
[19, 59, 77, 93, 232, 287]
[20, 135, 172, 227, 273, 394]
[21, 87, 159, 235, 409]
[22, 138, 162, 179, 202, 247, 291]
[23, 123, 171, 256, 392]
[24, 68, 80, 163, 223, 393]
[25, 60, 149, 198, 261, 269, 397]
[26, 128, 164, 237, 314]
[27, 67, 94, 108, 120, 195, 254]
[28, 157, 205, 249]
[29, 143, 221, 300]
[30, 144, 200, 250, 396]
[31, 150, 180, 208, 259, 282]
[32, 76, 98, 131, 270]
[33, 139, 152, 160, 206, 276, 390]
[34, 112, 211, 233]
[35, 61, 75, 85, 229, 289]
[36, 136, 181, 201, 284]
[37, 62, 140, 185, 204, 260]
[38, 78, 88, 113, 197, 257]
[39, 110, 188, 216, 264, 307, 395]
[40, 109, 158, 165, 248, 406]
[41, 66, 182, 262, 316]
[42, 73, 106, 234, 246, 277, 356]
[43, 91, 174, 220, 236, 285]
[44, 124, 169, 209, 267, 355]
[45, 132, 207, 280, 293]
[46, 83, 153, 189, 231]
[47, 90, 167, 253]
[48, 82, 177, 239]
[49, 137, 187, 218, 245, 265, 308]
[50, 103, 129, 183, 190, 243, 309]
[51, 119, 184, 255, 358]
[52, 79, 176, 210, 359]
[53, 69, 84, 101, 117, 133, 244]
[54, 154, 214, 275]
[55, 81, 161, 168, 240, 283, 482]
[56, 74, 170, 224, 310]
[57, 70, 86, 102, 213, 279]
[296, 297, 298, 299]
[301, 302, 303, 304, 305, 306, 434]
[317, 318, 319, 320, 357]
[321, 322, 323, 349]
[324, 325, 326, 327, 360]
[328, 329, 330, 331, 332, 347, 377]
[333, 334, 335, 336]
[337, 338, 339, 340, 369]
[341, 342, 343, 348]
[344, 345, 346, 354]
[350]
[361, 362, 363, 364, 422]
[365, 366, 367, 368, 375]
[370, 371, 372, 373, 376]
[378, 379, 380, 381, 382, 387]
[383, 384, 385, 386, 389, 391]
[398, 399, 400, 401, 402, 403]
[410, 411, 412, 413, 414, 415]
[417, 418, 419, 420, 421, 469]
[423, 424, 425, 426, 433]
[427, 428, 429, 430, 431, 432]
[437, 438, 439, 441, 467]
[440, 442, 443, 444, 445]
[446, 447, 448, 470]
[449, 450, 451, 452, 461, 471]
[453, 454, 455, 456, 457, 481]
[458, 459, 460, 462, 463]
[464, 465, 466, 468]
[472, 473, 474, 475, 479, 487]
[476, 477, 478, 480, 486]
[483, 484, 485]
[488, 489, 490, 491, 497]
[492, 493, 494, 495, 496]
[498, 499, 500]
[351, 352, 353, 416]
