Variable Length Representation of Loading:
[105, 142, 232, 412, 452]
[102, 216, 433, 483]
[61, 145, 291, 321, 437]
[29, 152, 222, 259, 339, 354, 395, 460]
[41, 119, 255, 300, 393, 445]
[14, 274, 346, 376, 402, 438, 481]
[54, 167, 453]
[114, 252, 290, 325, 372, 441, 462]
[6, 17, 128, 139, 288, 396, 454, 471]
[83, 209, 221, 284, 496]
[10, 66, 180, 235, 334]
[204, 309, 392, 478, 487]
[57, 90, 237, 330, 331, 410]
[98, 103, 162, 287, 310, 364, 418]
[30, 84, 161, 240, 367, 500]
[75, 121, 273, 323, 368]
[49, 156, 262, 345, 459]
[42, 251, 328, 362, 479]
[44, 120, 283, 286, 316, 320]
[96, 141, 197, 243, 382, 476]
[210, 238, 257, 294, 461]
[82, 122, 206, 342, 398, 442]
[58, 62, 109, 293, 435, 468]
[43, 55, 168, 203, 218, 246, 394, 419]
[2, 50, 124, 147, 175, 335, 492]
[15, 151, 172, 201, 292]
[4, 208, 227, 236, 253]
[36, 51, 70, 166, 173, 205]
[229, 317, 383, 386]
[164, 198, 264, 301, 430, 488]
[39, 69, 182, 199, 228, 315]
[79, 195, 379, 425]
[13, 60, 160, 279, 480]
[40, 59, 179, 193, 234, 247, 424, 490]
[23, 48, 230, 455]
[1, 241, 276, 285, 296, 381]
[31, 65, 278, 343, 385]
[53, 71, 80, 375, 401, 469]
[115, 118, 127, 312, 439]
[24, 25, 91, 245, 406, 440]
[181, 311, 341, 458, 482]
[92, 133, 136, 226, 349, 388]
[52, 89, 100, 104, 297, 326, 456, 470]
[46, 130, 137, 295, 365]
[37, 140, 322, 363, 409, 450]
[81, 149, 187, 214, 495]
[200, 211, 220, 256, 277, 308, 434, 477]
[144, 170, 248, 304, 446]
[78, 95, 116, 143, 244, 414]
[64, 67, 108, 225, 265, 271, 305, 451]
[94, 177, 178, 371, 411, 423]
[171, 213, 282, 390]
[8, 28, 302, 333]
[117, 126, 347, 415, 465]
[11, 32, 155, 280, 404, 429, 486]
[21, 123, 417, 428, 497]
[97, 202, 358, 391, 400, 493]
[169, 189, 192, 324, 366, 491]
[34, 101, 157, 338, 359]
[85, 223, 250, 299]
[12, 217, 260, 407, 474]
[19, 73, 233, 432, 463]
[18, 254, 266, 444]
[267, 298, 360, 416, 466, 498]
[7, 150, 275, 389, 403, 485]
[148, 194, 258, 336, 457]
[159, 303, 405, 426]
[176, 249, 447, 484]
[16, 146, 183, 289, 397, 467, 473]
[158, 174, 272, 344, 374, 378, 413]
[87, 88, 93, 357]
[33, 113, 154, 185, 307, 355]
[112, 129, 131, 431]
[76, 306, 348, 369, 448, 475]
[38, 239, 350, 384, 436]
[3, 47, 56, 86, 261, 281, 399]
[5, 196, 212, 421, 449, 499]
[135, 184, 219, 332, 489]
[26, 190, 191, 270, 387]
[22, 125, 153, 314, 353, 422]
[9, 74, 268, 351]
[134, 337, 361, 370]
[35, 72, 106, 110, 163]
[68, 77, 107, 215, 313, 420, 494]
[27, 186, 318, 356, 427]
[45, 99, 329, 340]
[20, 231, 352, 377, 408]
[63, 188, 263, 269, 319, 443]
[111, 207, 242, 327]
[132, 165, 224, 472]
[138, 380, 464]
