Variable Length Representation of Loading:
[1, 5, 25, 33, 43, 46, 343]
[49, 56, 61, 70, 72, 84, 107, 128, 142, 436]
[2, 110, 111, 114, 130, 247, 450]
[10, 149, 153, 157, 196, 273]
[182, 183, 185, 191, 229, 435]
[19, 152, 257, 261, 271, 280, 286, 325]
[181, 259, 289, 299, 324, 401]
[86, 263, 275, 329, 357, 365, 402, 456]
[41, 378, 389, 394, 434, 445, 448]
[197, 226, 244, 245, 288, 414, 444, 469]
[97, 161, 270, 278, 304, 305, 395, 404, 418]
[13, 55, 94, 144, 246, 388, 397]
[20, 27, 53, 89]
[192, 232, 234, 274, 277, 294, 320, 495]
[162, 173, 296, 302, 424, 462, 463]
[31, 62, 82, 411, 490]
[37, 40, 75, 227, 398, 443, 486]
[199, 211, 267, 295, 331, 384, 438]
[176, 356, 433, 437, 449]
[42, 122, 202, 287, 316, 348]
[78, 315, 368, 416, 457, 472]
[158, 309, 350, 391, 477]
[124, 279, 332, 466, 481, 492]
[108, 154, 179, 194, 236, 268]
[125, 188, 272, 307, 369, 455, 475, 491]
[16, 17, 21, 44, 50, 200]
[92, 103, 321, 371, 459, 497]
[85, 156, 235, 303]
[23, 219, 310, 370, 479]
[164, 224, 276, 327, 335]
[163, 221, 322, 341]
[11, 113, 135, 168, 300, 386]
[115, 155, 204, 483]
[12, 140, 336, 412]
[95, 143, 396, 468]
[326, 328, 372, 458, 493]
[76, 298, 344, 355, 406]
[22, 48, 337, 484]
[26, 141, 366, 380]
[102, 354, 423, 425]
[34, 169, 217, 223, 241, 428]
[159, 160, 167, 352]
[109, 209, 233, 403, 441]
[69, 91, 231, 308, 482]
[186, 189, 195, 361, 494]
[101, 132, 417, 467, 496]
[35, 119, 255, 351, 379]
[74, 127, 147, 393, 464]
[123, 171, 258, 260, 301]
[6, 24, 131, 230, 240]
[60, 193, 409, 419, 485]
[213, 405, 454, 470, 487, 488]
[80, 265, 376, 385, 410, 442]
[65, 129, 184, 207, 319]
[64, 88, 93, 243, 349, 375]
[7, 136, 151, 175, 190, 408, 461]
[18, 220, 222, 253, 269, 347, 431]
[52, 121, 215, 317, 465]
[36, 138, 198, 212, 285, 427]
[39, 45, 96, 439, 471]
[174, 214, 281, 400, 407, 499]
[83, 390, 432, 453, 460]
[63, 205, 284, 292, 421, 474]
[71, 106, 187, 262, 478]
[57, 77, 165, 306, 342, 353]
[201, 249, 374, 399]
[4, 66, 100, 218, 251]
[14, 51, 59, 87, 116, 117, 430, 489]
[81, 166, 237, 312, 358]
[47, 250, 254, 264, 363, 420]
[54, 67, 139, 150, 239, 242]
[291, 313, 360, 387, 426, 447]
[3, 99, 216, 346, 415]
[105, 126, 170, 282, 381]
[8, 118, 120, 252, 311, 473]
[58, 345, 383, 392]
[68, 73, 148, 256, 334, 440]
[29, 172, 206, 283, 362, 364]
[28, 145, 290, 318, 382]
[15, 177, 238, 367, 373]
[210, 338, 340, 413]
[133, 146, 248, 297, 323, 422]
[9, 38, 137, 333, 429]
[228, 266, 293, 330, 339, 498]
[104, 112, 225, 359, 377, 500]
[30, 134, 178, 314, 446, 480]
[32, 79, 208, 451, 476]
[90, 98, 180, 203, 452]
