Variable Length Representation of Loading:
[55, 86, 139, 223, 372, 405, 483]
[1, 63, 71, 90, 187, 210]
[2, 79, 157, 159, 233]
[3, 58, 88, 95, 188, 489]
[4, 64, 106, 130, 193, 311]
[5, 109, 128, 207]
[6, 60, 140, 189, 277]
[7, 89, 97, 173, 224, 498]
[8, 118, 161, 257]
[9, 122, 170, 225, 261]
[10, 123, 179, 265]
[11, 104, 127, 198, 310]
[12, 51, 85, 114, 131, 136, 206]
[13, 65, 145, 167, 205, 263, 454]
[14, 93, 134, 197, 365, 419]
[15, 74, 78, 126, 135, 142, 165, 234]
[16, 81, 162, 186, 496]
[17, 47, 82, 92, 98, 149, 175, 366]
[18, 53, 119, 153, 178, 209]
[19, 62, 76, 164, 222]
[20, 48, 70, 101, 200, 279]
[21, 66, 115, 156, 250, 254]
[22, 49, 69, 87, 199, 497]
[23, 111, 180, 201]
[24, 77, 94, 112, 192, 259]
[25, 52, 67, 99, 143, 379]
[26, 54, 68, 72, 137, 147, 202, 264]
[27, 100, 185, 295]
[28, 113, 177, 221, 268]
[29, 124, 150, 190, 208]
[30, 56, 120, 148, 194, 241]
[31, 59, 107, 181, 228, 495]
[32, 57, 83, 129, 146, 213]
[33, 108, 183, 242]
[34, 61, 141, 195, 226]
[35, 80, 144, 244]
[36, 50, 116, 151, 182, 203, 455]
[37, 96, 132, 152, 155, 176, 227]
[38, 102, 160, 171, 191, 345]
[39, 73, 158, 196, 256]
[40, 121, 166, 266, 280]
[41, 84, 105, 138, 211, 447]
[42, 117, 204, 239]
[43, 125, 169, 267]
[44, 75, 133, 163, 212, 260]
[45, 91, 110, 154, 172, 255]
[46, 103, 168, 184, 262]
[214, 215, 216, 437]
[217, 218, 219, 220, 258, 278]
[229, 230, 231, 232, 235, 356]
[236, 237, 238, 240]
[245, 246, 247, 449]
[248, 249, 174, 243]
[251, 252, 253]
[269, 270, 271, 272, 380]
[273, 274, 275, 276]
[281, 282, 283, 284, 285, 492]
[286, 287, 288, 289, 290]
[291, 292, 293, 294]
[296, 297, 298, 299, 309]
[300, 301, 302, 303, 312]
[304, 305, 306, 307, 308, 378]
[313, 314, 315, 316, 317, 322]
[318, 319, 320, 321, 350]
[323, 324, 325, 334]
[326, 327, 328, 329, 330, 371]
[331, 332, 333, 343, 353]
[335, 336, 337, 338, 339, 364]
[340, 341, 342, 344, 493]
[346, 347, 348, 349]
[351, 352, 354, 355, 367]
[358, 359, 360, 361, 362, 363]
[368, 369, 370, 377, 494]
[373, 374, 375, 376, 445]
[381, 382, 383, 387]
[384, 385, 386, 388, 430]
[389, 390, 391, 406, 418]
[392, 393, 394, 395]
[396, 397, 398, 399, 400, 409]
[401, 402, 403, 404]
[407, 408, 410, 411, 412]
[413, 414, 415, 416, 417, 459]
[420, 421, 422, 423, 428]
[424, 425, 426, 427, 429, 448]
[431, 432, 433, 434, 435, 436, 438]
[439, 440, 441, 442, 443, 444, 446]
[450, 451, 452, 453]
[456, 457, 458, 484]
[460, 461, 462, 463, 482]
[464, 465, 466]
[467, 468, 469, 477, 480, 491]
[470, 471, 472]
[473, 474, 475, 476, 478, 479, 481]
[485, 486, 487, 488, 490]
[499, 500]
