Variable Length Representation of Loading:
[13, 82, 116, 138, 271, 312, 392]
[23, 30, 285, 422, 469, 483]
[37, 155, 156, 348, 428, 485]
[1, 60, 144, 275, 309, 441]
[48, 61, 68, 261, 315, 343, 495]
[72, 101, 135, 178, 183, 437]
[8, 31, 64, 91, 374, 438]
[32, 66, 71, 93, 114, 118, 416]
[2, 96, 176, 306, 328, 341, 347, 360, 440]
[46, 106, 146, 162, 279]
[22, 112, 190, 284, 313, 362]
[4, 122, 305, 314, 434, 476]
[147, 331, 400, 442, 472]
[17, 107, 157, 254, 297, 326, 484]
[56, 120, 154, 175, 436, 489]
[19, 177, 280, 311, 324, 409, 433]
[45, 127, 171, 188, 402]
[102, 109, 194, 278, 413, 426, 496]
[63, 126, 202, 320, 340, 468]
[165, 167, 211, 288, 423, 430]
[21, 26, 173, 219, 376, 396, 417]
[92, 172, 223, 243, 373, 446]
[12, 98, 229, 377, 410, 427]
[88, 205, 255, 264, 361, 401]
[133, 266, 322, 336, 384, 388, 491]
[50, 149, 270, 298, 460, 467]
[81, 89, 142, 160, 230, 238, 317, 473]
[180, 200, 277, 310, 327, 335]
[75, 139, 225, 339, 415, 432]
[18, 105, 168, 204, 363, 424, 478, 488]
[78, 163, 187, 365, 385, 477, 494]
[29, 36, 67, 110, 380]
[51, 95, 193, 195, 220, 333, 397]
[221, 265, 316, 398, 431, 454]
[263, 321, 329, 378, 391, 405, 451]
[136, 206, 227, 248, 293, 406, 474]
[34, 153, 184, 252, 258, 289, 338, 435]
[15, 77, 192, 325, 439, 455]
[53, 199, 207, 228, 337, 443]
[49, 69, 301, 382, 399, 448, 479]
[145, 408, 425, 456, 470, 497]
[182, 198, 274, 307, 386, 462]
[212, 249, 344, 367, 447, 493, 498]
[24, 62, 86, 151, 355, 359, 383]
[74, 97, 152, 189, 420]
[83, 232, 300, 364, 372, 381, 475]
[3, 57, 124, 137, 334, 486, 492]
[10, 43, 181, 287, 445]
[119, 158, 174, 390, 480]
[40, 115, 132, 170, 246]
[39, 41, 87, 128]
[125, 130, 131, 458]
[234, 283, 296, 368]
[73, 235, 253, 354]
[27, 179, 218, 256]
[65, 104, 121, 500]
[44, 70, 281, 449, 452]
[240, 302, 370, 419]
[11, 14, 84, 471]
[20, 129, 159, 251, 332]
[262, 299, 303, 371]
[185, 269, 304]
[222, 369, 403, 461]
[7, 113, 292, 481]
[28, 94, 143, 161]
[217, 268, 276, 412]
[108, 226, 318, 414]
[5, 25, 76, 123, 215]
[38, 79, 134, 203]
[210, 239, 352, 389]
[47, 353, 358, 450]
[164, 257, 286, 444]
[103, 213, 260, 282, 350]
[9, 457, 466, 490]
[55, 80, 214]
[117, 272, 429, 487]
[209, 233, 290, 319, 349]
[90, 323, 418, 482]
[241, 245, 250]
[85, 242, 273, 291]
[42, 52, 59, 100]
[216, 236, 342]
[351, 356, 357, 375]
[140, 407, 464, 465]
[33, 35, 54, 99, 166]
[208, 224, 237, 330, 345]
[111, 387, 453, 463]
[6, 16, 58, 231, 499]
[141, 148, 150, 169]
[186, 191, 196, 197, 201]
[244, 247, 259, 267, 366]
[294, 295, 308, 346]
[379, 393, 394, 395]
[404, 411, 421, 459]
