Variable Length Representation of Loading:
[16, 25, 190, 235, 238, 266, 420, 459]
[1, 63, 71, 88, 95, 188, 357]
[2, 80, 141, 232, 356]
[3, 58, 86, 104, 126, 134, 229]
[4, 64, 105, 138, 184, 278]
[5, 108, 182, 208]
[6, 60, 139, 165, 193, 365, 435]
[7, 87, 173, 205, 267]
[8, 118, 162, 186]
[9, 121, 185, 428]
[10, 122, 155, 178, 221, 311]
[11, 102, 158, 191, 427]
[12, 53, 114, 130, 201]
[13, 65, 143, 195, 228, 437]
[14, 91, 117, 197, 279]
[15, 74, 79, 159, 242]
[17, 49, 70, 97, 198, 433]
[18, 54, 67, 93, 136, 192, 280]
[19, 62, 77, 92, 100, 207, 438]
[20, 50, 115, 167, 203]
[21, 69, 83, 127, 194, 210]
[22, 51, 85, 112, 206, 434]
[23, 109, 129, 146, 262]
[24, 78, 123, 179, 295]
[26, 55, 131, 137, 147, 202, 264]
[27, 98, 154, 171, 196, 244]
[28, 110, 170, 209]
[29, 124, 148, 181, 243]
[30, 56, 119, 153, 160, 172, 219, 310]
[31, 59, 106, 128, 200, 263, 454]
[32, 57, 82, 90, 189, 233]
[33, 107, 174, 220, 484]
[34, 61, 140, 176, 227]
[35, 81, 164, 226]
[36, 52, 68, 72, 135, 142, 177, 273]
[37, 94, 113, 183, 215]
[38, 99, 144, 239]
[39, 73, 157, 161, 230, 498]
[40, 120, 145, 187, 204, 240]
[41, 84, 103, 211, 497]
[42, 116, 150, 214]
[43, 125, 169, 268]
[44, 76, 163, 212, 265]
[45, 89, 96, 133, 151, 166, 260]
[46, 101, 152, 156, 168, 180, 213]
[47, 75, 132, 149, 175, 255]
[48, 66, 111, 199, 447]
[216, 217, 218, 406, 455]
[222, 223, 224, 225, 231]
[234, 236, 237, 241]
[245, 246, 247, 449]
[248, 249, 250, 254]
[251, 252, 253]
[256, 257, 258, 259, 261, 448]
[269, 270, 271, 272, 419]
[274, 275, 276, 277, 355]
[281, 282, 283, 284, 285, 492]
[286, 287, 288, 289, 290]
[291, 292, 293, 294]
[296, 297, 298, 299, 309]
[300, 301, 302, 303, 312]
[304, 305, 306, 307, 308, 380]
[313, 314, 315, 316, 317, 322]
[318, 319, 320, 321, 345]
[323, 324, 325, 334]
[326, 327, 328, 329, 330, 436]
[331, 332, 333, 343, 353]
[335, 336, 337, 338, 339, 364]
[340, 341, 342, 344, 446]
[346, 347, 348, 349]
[350, 351, 352, 354]
[358, 359, 360, 361, 362, 363]
[366, 367, 368, 369, 496]
[370, 371, 372, 373, 374, 495]
[375, 376, 377, 378, 379]
[381, 382, 383, 387]
[384, 385, 386, 388, 426]
[389, 390, 391, 405, 418]
[392, 393, 394, 395]
[396, 397, 398, 399, 400, 409]
[401, 402, 403, 404]
[407, 408, 410, 411, 412]
[413, 414, 415, 416, 417]
[421, 422, 423, 424, 425, 489]
[429, 430, 431, 432, 494]
[439, 440, 441, 442, 443, 444, 445]
[450, 451, 452, 453]
[456, 457, 458, 483, 491]
[460, 461, 462, 463, 482]
[464, 465, 466]
[467, 468, 469, 477, 480, 493]
[470, 471, 472]
[473, 474, 475, 476, 478, 479, 481]
[485, 486, 487, 488, 490]
[499, 500]
