Variable Length Representation of Loading:
[30, 72, 89, 273, 420, 436]
[1, 62, 82, 86, 105, 138, 222]
[2, 78, 126, 136, 182]
[3, 57, 83, 128, 200, 265]
[4, 63, 70, 101, 192, 365, 434]
[5, 107, 169, 233]
[6, 59, 112, 198, 357]
[7, 87, 176, 205, 260]
[8, 119, 158, 185, 435]
[9, 122, 170, 219, 268]
[10, 123, 179, 238]
[11, 103, 186]
[12, 52, 66, 115, 194, 216]
[13, 64, 108, 171, 190, 212, 243]
[14, 93, 135, 141, 240]
[15, 73, 159, 195, 263, 438]
[16, 80, 142, 175, 242]
[17, 48, 69, 88, 96, 134, 217]
[18, 54, 65, 145, 188, 406, 447]
[19, 61, 140, 181, 221, 295]
[20, 49, 68, 74, 81, 177, 228, 380]
[21, 67, 97, 160, 168, 180, 209]
[22, 50, 116, 150, 214]
[23, 110, 155, 178, 213]
[24, 77, 94, 111, 199, 484]
[25, 53, 117, 211, 280]
[26, 55, 132, 148, 206]
[27, 99, 143, 262]
[28, 113, 183, 210]
[29, 124, 149, 153, 164, 215]
[31, 58, 90, 189, 267]
[32, 56, 120, 146, 193, 433, 498]
[33, 106, 129, 147, 187, 202, 239]
[34, 60, 139, 157, 161, 196, 449]
[35, 79, 167, 232, 266, 310]
[36, 51, 85, 114, 131, 137, 144, 241]
[37, 95, 152, 156, 162, 184, 255]
[38, 100, 197, 244]
[39, 71, 92, 98, 151, 191, 264]
[40, 121, 174, 220, 419]
[41, 84, 104, 127, 207, 489]
[42, 118, 173, 231]
[43, 125, 172, 218, 427]
[44, 76, 165, 204, 230, 454]
[45, 91, 109, 130, 208]
[46, 102, 154, 166, 227, 497]
[47, 75, 133, 163, 203, 455]
[223, 224, 225, 226, 229]
[234, 235, 236, 237, 279]
[245, 246, 247, 428]
[248, 249, 250, 254]
[251, 252, 253]
[256, 257, 258, 259, 261, 437]
[269, 270, 271, 272, 356]
[274, 275, 276, 277, 278]
[281, 282, 283, 284, 285]
[286, 287, 288, 289, 290, 448]
[291, 292, 293, 294]
[296, 297, 298, 299, 309]
[300, 301, 302, 303, 312]
[304, 305, 306, 307, 308, 311]
[313, 314, 315, 316, 317, 322]
[318, 319, 320, 321, 345]
[323, 324, 325, 334]
[326, 327, 328, 329, 330, 445]
[331, 332, 333, 343, 353]
[335, 336, 337, 338, 339, 364]
[340, 341, 342, 344, 355]
[346, 347, 348, 349]
[350, 351, 352, 354]
[358, 359, 360, 361, 362, 363]
[366, 367, 368, 369, 496]
[370, 371, 372, 373, 374, 495]
[375, 376, 377, 378, 379]
[381, 382, 383, 387]
[384, 385, 386, 388, 426]
[389, 390, 391, 405, 418]
[392, 393, 394, 395]
[396, 397, 398, 399, 400, 409]
[401, 402, 403, 404]
[407, 408, 410, 411, 412]
[413, 414, 415, 416, 417, 459]
[421, 422, 423, 424, 425, 492]
[429, 430, 431, 432, 494]
[439, 440, 441, 442, 443, 444, 446]
[450, 451, 452, 453]
[456, 457, 458, 483, 491]
[460, 461, 462, 463, 482]
[464, 465, 466]
[467, 468, 469, 477, 480, 493]
[470, 471, 472]
[473, 474, 475, 476, 478, 479, 481]
[485, 486, 487, 488, 490]
[201, 499, 500]
