Variable Length Representation of Loading:
[22, 27, 105, 192, 418, 424]
[1, 63, 71, 90, 189, 263, 406]
[2, 80, 142, 159, 227, 435]
[3, 58, 88, 94, 115, 211, 367]
[4, 64, 106, 130, 191, 277]
[5, 109, 128, 207, 405]
[6, 60, 139, 161, 239]
[7, 89, 97, 182, 195, 230, 279]
[8, 119, 153, 172, 214]
[9, 122, 169, 237]
[10, 123, 179, 495, 497]
[11, 104, 127, 199, 417]
[12, 52, 68, 72, 138, 222]
[13, 65, 145, 167, 196, 377]
[14, 92, 101, 174, 232, 265]
[15, 74, 79, 151, 197, 278]
[16, 82, 87, 194, 213]
[17, 49, 70, 98, 173, 258, 267]
[18]
[19, 62, 77, 93, 136, 177, 215, 449]
[20, 50, 116, 150, 217]
[21, 69, 84, 102, 188, 365, 427]
[23, 111, 180, 202, 233, 454]
[24, 78, 124, 149, 152, 156, 181, 212, 257]
[25, 53, 117, 216]
[26, 55, 132, 148, 206]
[28, 112, 155, 186]
[29, 125, 164, 220, 434]
[30, 56, 120, 147, 162, 190, 209]
[31, 59, 107, 185, 280]
[32, 57, 83, 129, 146, 205, 242]
[33, 108, 187, 204, 231]
[34, 61, 140, 183, 210]
[35, 81, 160, 171, 193, 262]
[36, 51, 86, 99, 143, 350]
[37, 96, 134, 170, 219, 268]
[38, 100, 198, 266, 310]
[39, 73, 157, 158, 201]
[40, 121, 166, 260]
[41, 85, 113, 200, 264]
[42, 118, 175, 218, 446]
[43, 126, 135, 141, 240]
[44, 76, 165, 208]
[45, 91, 110, 154, 178, 221, 357]
[46, 103, 168, 184, 261]
[47, 75, 133, 163, 203, 447]
[48, 66, 114, 131, 137, 144, 241]
[223, 224]
[234, 235, 236, 238, 448]
[244, 245, 246, 428]
[247, 248, 249, 259]
[250, 251, 252]
[253, 254, 255, 256, 295]
[269, 270, 271, 272, 356]
[273, 274, 275, 276]
[281, 282, 283, 284, 285, 419]
[286, 287, 288, 289, 290, 399]
[291, 292, 293, 294]
[296, 297, 298, 299, 309]
[300, 301, 302, 303, 312]
[304, 305, 306, 307, 308, 311]
[313, 314, 315, 316, 317, 322]
[318, 319, 320, 321, 345]
[323, 324, 325, 334]
[326, 327, 328, 329, 330, 371]
[331, 332, 333, 343, 353]
[335, 336, 337, 338, 339, 364]
[340, 341, 342, 344, 433]
[346, 347, 348, 349]
[351, 352, 354, 355, 366]
[358, 359, 360, 361, 362, 363]
[368, 369, 370, 372, 378]
[373, 374, 375, 376, 436]
[379, 380, 381, 382, 386]
[383, 384, 385, 394, 426]
[387, 388, 389, 398]
[390, 391, 392, 397, 415]
[393, 395, 396, 400]
[401, 402, 403, 404]
[407, 408, 409, 410, 411, 437]
[412, 413, 414, 416]
[420, 421, 422, 423, 425]
[429, 430, 431, 432]
[439, 440, 441, 442, 443, 444, 445]
[450, 451, 452, 453, 455]
[456, 457, 458, 487, 496]
[459, 460, 461, 462, 463]
[464, 465, 466, 498]
[467, 468, 469, 477, 480, 493]
[470, 471, 472]
[473, 474, 475, 476, 478, 479, 481]
[482, 483, 484, 485, 486, 494]
[488, 489, 490, 491, 492, 243]
[499, 500]
