Variable Length Representation of Loading:
[84, 124, 145, 284, 345, 422, 441, 486]
[1, 62, 79, 162, 183, 219, 268]
[2, 76, 159, 227, 435, 497]
[3, 57, 81, 176, 243]
[4, 63, 70, 100, 214]
[5, 106, 128, 191, 264, 449]
[6, 59, 109, 130, 240]
[7, 86, 104, 126, 135, 142, 188, 367]
[8, 117, 186]
[9, 121, 185, 417]
[10, 122, 155, 184, 266, 275]
[11, 103, 194, 203, 454]
[12, 51, 85, 113, 202, 244]
[13, 64, 107, 156, 168, 180, 221, 316]
[14, 92, 101, 173, 215]
[15, 72, 138, 164, 220, 436, 496]
[16, 78, 127, 198, 322]
[17, 47, 80, 147, 206]
[18, 53, 118, 165, 195, 226]
[19, 61, 141, 193, 315]
[20, 48, 69, 87, 207, 399]
[21, 65, 148, 192, 295]
[22, 49, 68, 73, 177, 274]
[23, 108, 171, 190, 205, 262]
[24, 75, 134, 197, 356]
[25, 52, 66, 114, 131, 137, 144, 273]
[26, 54, 67, 95, 187, 199, 425]
[27, 98, 153, 166, 260]
[28]
[29, 123, 179, 267]
[30, 55, 132, 150, 211, 438]
[31, 58, 88, 96, 133, 175, 302]
[32, 56, 119, 157, 158, 196, 301, 406]
[33, 105, 139, 167, 212, 265]
[34, 60, 140, 181, 255, 495]
[35, 77, 93, 136, 189, 314, 455]
[36, 50, 115, 161, 237]
[37, 94, 112, 169, 263, 434]
[38, 99, 143, 317]
[39, 71, 90, 182, 204, 239]
[40, 120, 146, 213]
[41, 83, 129, 149, 163, 228, 378]
[42, 116, 151, 201]
[43, 125, 172, 209]
[44, 74, 82, 91, 111, 200, 363]
[45, 89, 97, 160, 174, 233]
[46, 102, 152, 154, 178, 210]
[216, 217, 218, 357]
[222, 223, 224, 225, 242]
[229, 230, 231, 232, 238]
[234, 235, 236, 241]
[245, 246, 247, 447]
[248, 249, 250, 254]
[251, 252, 253]
[256, 257, 258, 259, 261, 419]
[269, 270, 271, 272, 377]
[276, 277, 278, 279, 280, 427]
[281, 282, 283, 285, 300]
[286, 287, 288, 289, 290, 492]
[291, 292, 293, 294]
[296, 297, 298, 299, 307, 428]
[303, 304, 305, 306, 312, 484]
[308, 309, 310, 311, 313]
[318, 319, 320, 321, 350]
[323, 324, 325, 334]
[326, 327, 328, 329, 330, 371]
[331, 332, 333, 343, 353]
[335, 336, 337, 338, 339, 364]
[340, 341, 342, 344, 433]
[346, 347, 348, 349]
[351, 352, 354, 355, 366]
[358, 359, 360, 361, 362, 365, 400]
[368, 369, 370, 372, 437]
[373, 374, 375, 376, 426]
[379, 380, 381, 382, 386]
[383, 384, 385, 394, 418]
[387, 388, 389, 398]
[390, 391, 392, 397, 415]
[393, 395, 396, 405]
[401, 402, 403]
[407, 408, 409, 410, 411, 448]
[412, 413, 414, 416]
[420, 421, 423, 424]
[429, 430, 431, 432, 494]
[439, 440, 442, 443, 444, 445, 446]
[450, 451, 452, 453]
[456, 457, 458, 483, 491]
[460, 461, 462, 463, 482]
[464, 465, 466]
[467, 468, 469, 477, 480, 493]
[470, 471, 472]
[473, 474, 475, 476, 478, 479, 481]
[485, 487, 488, 489, 490, 498]
[459, 499, 500]
