Variable Length Representation of Loading:
[13, 30, 37, 60, 96, 202]
[34, 61, 72, 91, 93, 106, 137, 435]
[31, 112, 122, 147, 157, 194, 498]
[175, 177, 188, 337, 406]
[211, 219, 223, 327]
[229, 264, 266, 270, 307, 317, 371, 405, 495]
[36, 339, 363]
[343, 439, 443, 448, 456, 462]
[24, 74, 83, 124, 133, 189, 297]
[92, 187, 258, 279, 333, 367, 483]
[49, 212, 374, 386, 392, 426]
[142, 149, 153, 180, 205, 206, 442, 469]
[207, 306, 321, 329, 334, 336]
[21, 50, 71, 89, 163, 440]
[26, 62, 67, 232, 254, 278, 468, 478]
[18, 204, 331, 361, 396, 446]
[68, 107, 114, 135, 160, 165, 200, 301]
[32, 314, 381, 433, 437, 485]
[46, 81, 178, 225, 228, 263, 289, 415]
[152, 344, 359, 360, 391, 436, 467]
[66, 102, 313, 402, 454]
[4, 105, 110, 139, 324, 325]
[56, 284, 383, 438, 476]
[98, 145, 168, 182, 309, 373, 376, 497]
[195, 199, 328, 355, 399, 420]
[2, 51, 77, 171, 384, 422]
[1, 155, 192, 248, 261]
[63, 82, 138, 401, 470]
[183, 335, 431, 492]
[167, 198, 252, 484, 496]
[136, 340, 385, 400, 410]
[23, 156, 305, 372, 388, 432]
[64, 144, 173, 479]
[45, 162, 190, 300, 447, 451]
[95, 377, 416, 488]
[19, 151, 348, 413, 489]
[53, 57, 101, 298, 473]
[176, 249, 326, 382]
[15, 181, 312, 315, 472, 474]
[3, 29, 146, 243, 277, 288]
[10, 97, 109, 126, 127, 408]
[43, 78, 221, 255, 311]
[8, 116, 364, 460, 486, 493]
[119, 154, 158, 174, 390, 480]
[274, 275, 285, 419, 423]
[25, 40, 115, 132, 246]
[39, 87, 128, 362, 441]
[125, 130, 445, 458]
[17, 220, 234, 296, 368]
[73, 131, 235, 253, 354]
[27, 75, 172, 218, 256]
[65, 121, 477, 500]
[70, 184, 281, 428, 449, 452]
[230, 240, 302, 370, 434]
[11, 14, 233, 409, 471]
[7, 20, 129, 159, 251]
[12, 262, 265, 303, 424, 491]
[41, 118, 179, 299, 453]
[259, 269, 304, 338, 481]
[120, 185, 222, 369, 455]
[113, 292, 353, 403]
[28, 94, 143, 320, 378]
[161, 196, 217, 268, 276]
[44, 318, 412, 414, 425]
[5, 108, 226, 227, 257]
[38, 76, 123, 341, 427]
[79, 88, 104, 134, 210]
[54, 239, 352, 389, 450]
[47, 69, 290, 332, 358]
[22, 164, 286, 322, 430, 444]
[103, 260, 282, 310, 350, 357]
[9, 457, 466, 490]
[55, 80, 214, 238]
[86, 272, 319, 429, 487]
[117, 209, 283, 316, 345]
[295, 323, 418, 465, 482]
[35, 85, 213, 308, 475]
[48, 100, 169, 330]
[16, 170, 375, 394, 421]
[90, 216, 245]
[6, 141, 342, 346]
[267, 273, 294, 387]
[99, 242, 244, 280, 291]
[148, 193, 201, 349, 366]
[58, 150, 224, 271, 411]
[166, 203, 379, 463]
[33, 215, 395, 404]
[42, 111, 287, 417, 459]
[59, 84, 241, 351, 494]
[197, 208, 231, 347, 464]
[140, 186, 191, 356, 407]
[237, 250, 293, 461, 499]
[52, 236, 247, 393]
