Variable Length Representation of Loading:
[1, 26, 63, 70, 114, 146, 357, 414]
[47, 116, 164, 168, 202, 433, 482]
[22, 25, 58, 75, 82, 108, 426, 454]
[39, 61, 131, 149, 252, 284]
[36, 74, 77, 136, 137, 174, 266, 307, 341, 355, 397]
[12, 45, 144, 183, 280, 453, 462]
[13, 128, 180, 293, 360, 374, 474]
[56, 206, 277, 388, 493]
[28, 51, 138, 496]
[31, 165, 167, 339]
[129, 133, 141, 332, 372, 378, 442]
[158, 191, 233, 273, 406, 475]
[10, 99, 203, 309, 480]
[181, 251, 354, 365]
[72, 153, 185, 264]
[4, 91, 139, 186, 230, 237, 415, 422]
[27, 78, 140, 247]
[161, 196, 219, 242, 322]
[35, 48, 112, 170, 295, 419, 478]
[105, 151, 283, 294, 353, 356]
[49, 142, 218, 279, 308, 491]
[54, 121, 132, 147, 157, 312, 394, 418, 423]
[3, 14, 32, 197, 254, 261, 402, 498]
[15, 89, 107, 148, 479]
[2, 59, 320, 421, 449]
[8, 67, 262, 443]
[103, 177, 444]
[79, 102, 211, 489]
[24, 53, 118, 160, 162, 409]
[18, 40, 93, 127, 156, 441]
[21, 198, 215, 263, 459, 481]
[143, 155, 300, 349]
[52, 80, 122, 166, 178, 477]
[76, 115, 200, 410]
[84, 193, 232, 253, 255, 408]
[124, 172, 175, 340, 446]
[69, 109, 190, 278, 337, 364, 407, 430, 483, 490]
[88, 92, 171, 207, 238, 436, 486]
[29, 101, 473]
[16, 71, 260, 311, 366, 438]
[17, 96, 135, 169, 351, 448]
[123, 150, 154, 243, 267, 310]
[7, 20, 104, 221, 259, 265, 268, 306, 405]
[23, 30, 44, 98, 362, 447, 494]
[33, 34, 113, 184, 258, 338, 445, 495]
[100, 111, 187, 195, 239]
[19, 86, 192, 201, 455]
[6, 41, 176, 257, 487]
[130, 152, 189, 227, 400]
[97, 214, 363, 425]
[81, 106, 220, 244, 389]
[55, 68, 110, 228, 285]
[159, 194, 213, 343, 437]
[240, 331, 417, 461]
[125, 210, 302]
[5, 209, 369]
[11, 37, 94, 428, 492]
[60, 62, 64, 66]
[73, 83, 145, 208]
[65, 119, 120, 217]
[38, 50, 126, 199, 205]
[9, 87, 95]
[42, 43, 57, 182]
[90, 117, 216]
[134, 173, 204, 231, 347]
[163, 212, 222, 271, 288]
[223, 224, 225, 229, 282]
[234, 235, 245, 270]
[246, 248, 249]
[250, 256, 269]
[272, 276, 281]
[286, 287, 289, 290, 359]
[291, 292, 301, 352]
[296, 297, 298, 299]
[303, 304, 305]
[313, 314, 315, 316, 317]
[318, 319, 321, 345]
[323, 324, 325, 334]
[326, 327, 328, 329, 330]
[333, 335, 336]
[342, 344, 346]
[85, 226, 348, 350]
[358, 367]
[370, 371, 373, 380]
[275, 375, 376, 377, 379]
[381, 382, 383, 387]
[384, 385, 386]
[390, 391, 392]
[393, 395, 396]
[398, 399, 401]
[403, 404, 411]
[412, 413, 416]
[420, 424, 427, 440]
[429, 431, 460]
[432, 434, 435, 439]
[450, 451, 452]
[456, 457, 458]
[463, 464, 476]
[465, 466, 467]
[468, 469, 470]
[471, 472, 485]
[179, 188, 488]
[46, 274, 499]
[236, 361, 500]
[241]
[497, 241]
