Variable Length Representation of Loading:
[291, 292, 293, 294]
[45, 100, 245]
[80, 85, 118, 154, 175]
[19, 50, 104, 138, 228, 230, 316]
[44, 49, 162, 274, 322, 355, 446]
[53, 125, 218, 347, 382]
[170, 183, 409, 411, 424, 448]
[52, 165, 284, 295, 345, 357, 445]
[13, 51, 120, 184, 197, 265, 309, 417]
[24, 77, 126, 273, 308, 427]
[20, 132, 198, 392, 415, 467]
[86, 115, 128, 363, 410, 447]
[96, 98, 101, 161, 191]
[7, 48, 57, 147, 213, 352]
[5, 25, 75, 148, 169, 455]
[199, 209, 259, 393]
[97, 152, 177, 288, 418, 459]
[22, 35, 111, 117, 437]
[63, 72, 168, 186, 268, 271, 479]
[123, 133, 145, 314, 349, 476]
[179, 181, 193, 219, 226]
[36, 58, 65, 171, 290, 394]
[11, 136, 311, 397, 454, 474]
[95, 151, 190, 202, 257, 436, 497]
[1, 61, 81, 88, 109, 124]
[12, 27, 140, 142, 217, 475]
[2, 212, 237, 302, 406, 422, 482, 495]
[6, 64, 153, 263, 395, 480, 484]
[158, 210, 244, 492]
[56, 76, 390]
[3, 38, 62, 69, 105, 156, 208, 312]
[26, 30, 31, 68, 137, 167, 207, 434, 496]
[17, 47, 66, 149, 157, 260, 264, 280, 377, 430, 498]
[33, 185, 215, 306, 380, 477]
[21, 78, 214, 298, 317, 494]
[70, 112, 211, 414]
[10, 16, 103, 131]
[15, 34, 87, 129, 239, 402]
[83, 106, 139, 144, 407, 490]
[84, 92, 102, 155, 366, 419, 449]
[93, 94, 178, 194, 242, 262, 307, 489]
[18, 166, 266, 310, 343, 423, 481]
[29, 54, 59, 180, 282, 341]
[91, 108, 163, 279]
[127, 187, 189, 221, 224, 353, 435]
[67, 114, 119, 206, 231]
[41, 285, 332, 367]
[32, 73, 79, 99, 164]
[37, 113, 116, 150, 371]
[4, 107, 122, 172, 227, 321]
[9, 110, 196, 205, 220, 277]
[14, 141, 203, 283, 365, 388]
[28, 60, 71, 82, 89, 376]
[130, 192, 195, 204, 364, 433, 491]
[143, 182, 188, 200]
[8, 23, 39, 160, 275]
[40, 55, 159]
[42, 121, 174, 301]
[43, 146, 225, 233, 297]
[90, 134, 201]
[46, 216, 232, 278]
[176, 222, 223]
[229, 234, 235, 255]
[236, 238, 240, 315]
[241, 243, 246, 267]
[247, 248, 270, 287, 405]
[249, 250, 251]
[252, 253, 254, 261]
[256, 269, 272]
[276, 281, 289, 337]
[286, 296, 421, 453]
[299, 300, 303]
[304, 305, 313, 338]
[318, 319, 320, 350]
[323, 324, 326]
[327, 328, 329, 330, 331]
[135, 333, 335, 336, 372]
[339, 340, 342]
[346, 348, 351]
[354, 356, 358, 359, 360]
[361, 362, 368, 400, 438]
[369, 370, 374, 378]
[373]
[381, 383, 384]
[385, 386, 387, 426]
[258, 389, 391, 399, 425, 493]
[396, 398, 401, 428, 483]
[74, 403, 404, 412]
[413, 416, 420]
[408, 429, 431, 432]
[439, 440, 441, 442, 443, 444]
[450, 451, 452]
[456, 457, 458]
[460, 461, 462, 463, 478]
[464, 465, 466]
[468, 469, 470]
[471, 472, 473]
[485, 486, 487, 488]
[173, 499, 500]
[325, 334, 344]
[375, 379]
