Variable Length Representation of Loading:
[13, 30, 37, 60, 96, 202]
[34, 61, 72, 91, 93, 106, 137, 435]
[31, 112, 122, 147, 157, 194, 498]
[175, 177, 188, 337, 406]
[211, 219, 223, 327]
[229, 264, 266, 270, 307, 317, 371, 405, 495]
[36, 339, 363, 365, 380, 397, 398]
[343, 439, 443, 448, 456, 462]
[24, 74, 83, 124, 133, 189, 297]
[92, 187, 258, 279, 333, 367, 483]
[49, 212, 374, 386, 392, 426]
[142, 149, 153, 180, 205, 206, 442, 469]
[207, 306, 321, 329, 334, 336]
[21, 50, 71, 89, 163, 440]
[26, 62, 67, 232, 254, 278, 468, 478]
[18, 204, 331, 361, 396, 446]
[68, 107, 114, 135, 160, 165, 200, 301]
[32, 314, 381, 433, 437, 485]
[25, 46, 81, 225, 228, 263, 289, 415]
[152, 344, 359, 360, 391, 436, 467]
[66, 102, 313, 402, 454]
[4, 105, 110, 139, 324, 325]
[56, 284, 383, 438, 476]
[98, 145, 168, 182, 309, 373, 376, 497]
[195, 199, 328, 355, 399, 420]
[2, 51, 77, 171, 384, 422]
[1, 155, 192, 248, 261]
[63, 82, 138, 401, 470]
[183, 335, 431, 492]
[167, 198, 252, 484, 496]
[136, 340, 385, 400, 410]
[23, 156, 305, 372, 388, 432]
[64, 144, 173, 479]
[45, 162, 190, 300, 447, 451]
[95, 377, 416, 488]
[19, 151, 348, 413, 489]
[53, 57, 101, 298, 473]
[176, 249, 326, 382]
[15, 181, 312, 315, 472, 474]
[29, 146, 243, 277, 288, 347]
[10, 17, 97, 126, 127, 408]
[43, 78, 221, 255, 311]
[8, 116, 293, 364, 460, 486]
[119, 154, 158, 174, 390, 480]
[274, 275, 285, 419, 423]
[3, 40, 115, 132, 246]
[39, 87, 128, 362, 425]
[22, 125, 130, 458]
[131, 220, 234, 296, 368]
[73, 235, 253, 280, 354]
[27, 75, 196, 218, 256]
[65, 121, 477, 500]
[54, 70, 281, 449, 452, 490]
[230, 240, 302, 370, 475]
[11, 14, 224, 409, 471]
[7, 20, 129, 159, 251]
[12, 262, 265, 303, 424, 491]
[41, 118, 179, 299, 418]
[269, 304, 338, 394, 481]
[120, 184, 185, 222, 369]
[48, 113, 292, 403]
[28, 94, 143, 357, 378]
[161, 217, 268, 276, 430]
[44, 316, 318, 412, 414]
[108, 214, 226, 353, 428]
[201, 238, 444, 453, 457]
[6, 148, 150, 210, 319, 455]
[55, 111, 140, 351]
[90, 193, 208, 245]
[5, 80, 99, 273]
[100, 231, 267, 356]
[86, 117, 286, 389]
[241, 282, 290, 464]
[141, 244, 427, 441, 461]
[42, 170, 209, 272, 341]
[203, 320, 345, 395, 421]
[9, 16, 58, 191, 283]
[47, 79, 169, 237, 352, 459]
[216, 236, 260, 466]
[52, 172, 215, 242, 350, 450]
[294, 346, 445, 499]
[88, 123, 134, 358, 417]
[38, 84, 213, 291, 494]
[227, 308, 322, 379, 429]
[257, 330, 366, 465]
[76, 109, 164, 178, 332, 349]
[33, 69, 197, 404, 407]
[250, 287, 310, 323, 482]
[35, 85, 247, 393]
[103, 166, 271, 463]
[295, 375, 411, 493]
[59, 186, 233, 239, 259]
[104, 342, 387, 434, 487]
