Variable Length Representation of Loading:
[14, 15, 29, 40, 55, 86, 96, 109, 118, 125, 144, 147, 225, 232, 315, 324]
[222, 249, 272, 275, 282, 302, 304, 345, 353, 367, 371, 404, 408, 412, 419, 479]
[12, 13, 31, 123, 259, 313, 348, 434, 442, 444, 459, 461, 476, 489, 495, 498, 499]
[35, 65, 91, 158, 160, 180, 233, 246, 296, 299, 300, 320, 417, 429, 449, 485, 497]
[24, 62, 76, 172, 175, 190, 196, 213, 255, 292, 380, 466]
[49, 77, 93, 124, 127, 177, 264, 268, 274, 331, 349, 355, 384, 488]
[23, 74, 78, 130, 135, 216, 271, 311, 321, 396, 439, 464]
[10, 45, 221, 228, 252, 253, 277, 308, 333, 363, 364, 385, 391]
[6, 33, 164, 193, 214, 266, 295, 317, 318, 358, 387, 413, 414, 432]
[4, 11, 107, 159, 178, 198, 227, 305, 406, 447, 465]
[3, 114, 181, 206, 242, 270, 290, 322, 327, 379, 392, 405]
[16, 38, 72, 179, 185, 207, 306, 373, 411, 428, 468, 490]
[105, 119, 145, 169, 344, 351, 382, 386]
[59, 71, 79, 171, 215, 256, 276, 329, 336, 416, 472]
[41, 53, 60, 80, 95, 131, 157, 199, 235, 267, 359, 365, 421, 422, 493]
[25, 34, 44, 56, 83, 99, 184, 370, 433, 435, 454, 463, 492]
[28, 85, 101, 113, 211, 239, 245, 301, 368, 374, 400, 453]
[21, 51, 122, 140, 186, 195, 332, 335, 338, 431, 441]
[2, 42, 46, 165, 189, 218, 289, 342, 389, 448, 475]
[61, 137, 146, 156, 220, 244, 291, 319, 330, 347, 458]
[97, 132, 205, 219, 294, 352, 407, 460, 481]
[8, 52, 106, 209, 229, 248, 375, 424, 425, 457]
[155, 167, 182, 212, 257, 263, 286, 372, 383, 480]
[150, 154, 183, 261, 280, 340, 381, 390, 438]
[5, 104, 161, 162, 254, 279, 309, 436, 470]
[9, 26, 87, 98, 115, 120, 128, 473]
[69, 73, 234, 237, 310, 334, 395, 440]
[22, 27, 32, 50, 238, 243, 251, 423]
[202, 285, 297, 361, 388, 399, 437, 467]
[17, 19, 57, 265, 350, 393, 450, 496]
[75, 200, 226, 241, 376, 452, 486]
[1, 110, 260, 314, 326, 455, 494]
[68, 141, 143, 204, 288, 451, 491]
[43, 94, 117, 129, 139, 247, 328]
[48, 108, 112, 151, 217, 337, 354]
[70, 148, 170, 192, 357, 402, 456]
[100, 103, 133, 258, 273, 283, 418]
[30, 89, 126, 153, 208, 339, 477]
[36, 81, 163, 201, 236, 403]
[58]
[39, 64, 240, 366, 369, 500]
[102, 149, 223, 230, 316, 409]
[37, 136, 281, 293, 394, 401]
[66, 134, 142, 188, 224, 426]
[7, 47, 278, 298, 307, 346]
[63, 187, 191, 197]
[67, 84, 152, 166, 323, 356]
[210, 231, 287, 341, 420, 469]
[54, 90, 176, 312, 397, 484]
[88, 262, 284, 362, 427, 443]
[82, 138, 174, 325, 430, 445]
[18, 20, 116, 121, 168, 410]
[92, 111, 269, 377, 398, 478]
[194, 203, 250, 360, 474]
[173, 303, 343, 446, 487]
[378, 415]
[462, 471, 482]
