Variable Length Representation of Loading:
[100, 103, 143, 160, 179, 204, 277, 330, 356, 391, 448]
[35, 49, 101, 108, 157, 167, 182, 210, 245, 308, 310, 380]
[24, 55, 64, 65, 107, 262, 263, 272, 312, 373, 378, 392]
[26, 41, 91, 95, 125, 126, 129, 234, 285, 323]
[12, 17, 54, 72, 96, 147, 158, 164, 184, 219, 314, 369]
[48, 70, 115, 180, 195, 258, 315, 337, 389]
[42, 46, 127, 141, 142, 174, 189, 233, 305, 388]
[22, 36, 38, 77, 78, 97, 131, 162, 163, 246, 322]
[86, 117, 166, 176, 280, 296, 297, 359, 367, 441]
[50, 63, 114, 178, 186, 188, 194, 226, 291, 299, 371]
[6, 23, 58, 66, 193, 211, 229, 274, 300, 301, 309, 313, 332]
[33, 89, 209, 225, 278, 302, 319, 320, 346, 348, 366]
[2, 132, 198, 208, 264, 276, 279, 283, 328, 417, 466]
[148, 151, 187, 205, 306, 311, 326, 327, 370, 400, 406, 429]
[83, 98, 110, 241, 270, 334, 350, 362, 383, 449]
[76, 128, 152, 155, 170, 228, 235, 250, 269, 385, 485]
[9, 13, 105, 140, 150, 153, 173, 222, 317, 338, 455, 497]
[15, 73, 85, 149, 168, 181, 220, 237, 372, 419, 461]
[19, 99, 139, 161, 191, 200, 298, 393]
[122, 212, 257, 260, 288, 324, 343, 364, 376]
[3, 44, 116, 137, 199, 203, 243, 261, 335, 462]
[5, 7, 68, 90, 92, 202, 244, 336]
[18, 40, 112, 156, 207, 247, 290, 355, 374, 454, 456]
[25, 67, 111, 171, 249, 282, 295, 303, 316, 358, 408, 443]
[10, 11, 51, 119, 121, 130, 133, 145, 206, 271, 453, 457, 460]
[20, 53, 71, 135, 136, 185, 236, 294, 321, 353, 379, 382]
[52, 59, 62, 74, 81, 94, 134, 325, 331, 368, 381]
[69, 87, 102, 106, 248, 273, 275, 403, 468]
[1, 47, 146, 172, 232, 240, 266, 399, 405, 442, 447, 451]
[21, 32, 43, 60, 120, 169, 175, 192, 214, 259, 329, 458]
[28, 56, 57, 118, 223, 224, 239, 265, 361, 459, 463]
[16, 88, 218, 251, 268, 281, 333, 341, 418, 465]
[8, 14, 75, 165, 190, 197, 201, 215, 242, 253, 340, 387]
[4, 34, 82, 109, 144, 213, 217, 256, 318, 347, 349, 390, 407, 464]
[61, 104, 113, 124, 221, 351, 354, 377, 402, 439, 446]
[30, 45, 79, 93, 138, 183, 230, 287, 344, 375, 384, 444]
[27, 123, 154, 159, 231, 238, 254, 267, 286, 292, 304, 352]
[29, 293, 307, 363, 386, 394, 395, 396, 397, 398]
[401, 404, 409, 410, 411, 412, 413, 414, 415, 416, 467]
[177, 420, 421, 422, 423, 424, 425, 426, 427, 428]
[430, 431, 432, 433, 434, 435, 436, 437, 438, 440, 452]
[227, 469, 470, 471, 472, 473, 474, 475, 476, 477]
[31, 478, 479, 480, 481, 482, 483, 484, 486, 498]
[487, 488, 489, 490, 491, 492, 493, 494, 495, 496]
[196, 284, 342, 345, 357, 360, 450, 499, 500]
[255, 289, 339, 365, 445, 37, 39, 80, 84, 216, 252]
