Variable Length Representation of Loading:
[3, 23, 59, 122, 165, 188, 280, 295, 309, 376, 393, 396, 416]
[54, 89, 130, 160, 178, 179, 208, 211, 275, 296, 327, 413, 433]
[43, 155, 336, 337, 338, 340, 356, 359, 364, 500]
[49, 68, 97, 98, 127, 194, 215, 235, 249, 353, 355, 367, 447, 483]
[4, 22, 78, 136, 307, 324, 341, 380, 382, 467, 481]
[18, 48, 236, 238, 299, 322, 377, 455, 460]
[86, 106, 133, 152, 253, 276, 293, 302, 362, 385, 466, 491]
[74, 109, 121, 151, 163, 171, 234, 240, 274, 350, 365]
[9, 20, 39, 92, 148, 278, 297]
[1, 2, 8, 67, 88, 143, 190, 399, 424, 461]
[102, 119, 183, 219, 228, 237, 304, 314, 321, 348, 406, 409, 459]
[5, 52, 140, 173, 216, 335, 347, 421, 451, 480]
[46, 82, 108, 224, 229, 277, 285, 294, 318, 358, 472]
[66, 104, 187, 227, 232, 370, 371, 374, 386, 431, 440, 454]
[85, 111, 118, 168, 195, 223, 257, 259, 354, 391, 411, 439]
[13, 84, 200, 231, 258, 315, 405, 414, 418, 428, 453]
[132, 153, 198, 316, 317, 352, 378, 434, 443, 468]
[26, 70, 123, 167, 169, 247, 346, 471, 475, 478]
[12, 27, 62, 115, 126, 172, 199, 244, 266, 408, 450, 463, 484, 499]
[93, 180, 217, 265, 282, 284, 288, 331, 469, 473, 488]
[30, 50, 159, 162, 175, 230, 239, 298, 333, 438, 465]
[35, 80, 141, 184, 203, 221, 268, 281, 332, 419, 485, 494]
[42, 63, 71, 76, 157, 218, 243, 291, 487]
[28, 73, 77, 138, 189, 226, 241, 273, 311, 384, 412]
[99, 101, 129, 154, 209, 271, 272, 366, 426, 456, 493]
[24, 90, 96, 161, 245, 254, 279, 410, 436, 476, 490, 495]
[33, 107, 120, 128, 192, 207, 225, 301, 320, 398, 452, 496]
[6, 15, 55, 64, 83, 233, 261, 286, 306, 313, 325, 360, 368]
[116, 142, 146, 242, 255, 270, 289, 349, 429, 448, 462, 489]
[31, 32, 81, 117, 131, 375, 388, 407, 437, 441, 444]
[112, 114, 125, 135, 191, 250, 290, 334, 357, 373, 430]
[56, 91, 100, 110, 164, 319, 387, 395, 403, 442, 449, 470]
[41, 58, 72, 113, 156, 204, 214, 283, 445, 486, 497]
[44, 87, 134, 166, 181, 264, 326, 383, 457, 464]
[7, 14, 21, 69, 137, 139, 267, 329, 339, 379, 389]
[40, 65, 147, 246, 251, 300, 372, 397, 423, 425, 432, 446, 474]
[19, 25, 29, 47, 197, 201, 260, 415, 435]
[17, 53, 61, 145, 158, 262, 303, 328, 361]
[212, 263, 269, 292, 342, 343, 369, 402, 422, 482]
[10, 16, 45, 95, 103, 170, 176, 210, 252, 404, 479]
[182, 193, 196, 202, 222, 323, 344, 390, 392, 400, 401]
[124, 174, 186, 206, 248, 256, 287, 310, 345, 381, 417]
[37, 57, 185, 205, 213, 308, 312, 330, 394, 492]
[34, 38, 75, 79, 94, 105, 144, 149, 177, 305, 420, 458]
[11, 36, 51, 60, 150, 220, 351, 363, 427, 477, 498]
