Variable Length Representation of Loading:
[35, 65, 91, 158, 160, 180, 233, 246, 296, 299, 300, 320, 417, 429, 449, 485, 497]
[7, 13, 30, 41, 197, 234, 275, 280, 345, 358, 381]
[31, 84, 90, 111, 120, 150]
[33, 66, 86, 102, 132, 200, 245, 370, 385, 387, 396, 452]
[5, 80, 110, 145, 184, 192, 209, 231, 302, 372]
[43, 104, 147, 178, 208, 224, 253, 258, 292, 395]
[32, 165, 230, 283, 315, 340, 357, 393]
[55, 206, 222, 240, 267, 305, 324, 333, 337, 343, 405, 460]
[3, 44, 85, 122, 133, 149, 199, 236, 329, 392, 414, 465]
[14, 92, 94, 159, 194, 223, 271, 327, 344, 418]
[22, 46, 67, 70, 172, 250, 306, 359, 389, 428, 432]
[8, 49, 148, 152, 163, 175, 270, 279, 307, 453]
[4]
[20, 97, 112, 131, 134, 332, 361, 366]
[50, 103, 141, 167, 212, 217, 262, 461]
[18, 40, 72, 87, 88, 123, 146, 214, 215, 232, 239, 274, 318, 355]
[24, 75, 93, 135, 219, 238, 241, 276, 388, 398, 412, 413]
[12, 29, 59, 216, 227, 243, 268, 294, 312, 325, 348, 354, 364]
[47, 117, 121, 169, 210, 247, 266, 322, 350]
[71, 105, 173, 255, 289, 353, 356, 360, 365, 371, 441]
[10, 19, 21, 64, 106, 191, 328, 383, 436]
[16, 74, 83, 114, 115, 186, 188, 225, 281, 308, 394, 498, 499]
[2, 62, 127, 128, 136, 185, 235, 242, 316, 373, 386, 451]
[52, 73, 100, 161, 168, 181, 226, 277, 434, 459, 464]
[15, 38, 42, 129, 182, 187, 259, 287, 321, 411, 442, 454, 463]
[45, 53, 54, 99, 130, 157, 203, 284, 295, 317, 347, 455]
[78, 82, 179, 265, 285, 303, 341, 375, 391]
[36, 79, 125, 151, 256, 282, 286, 338, 363, 374, 390, 433]
[60, 137, 162, 193, 201, 254, 369, 384, 424]
[28, 51, 143, 176, 261, 311, 323, 378, 466]
[61, 63, 107, 116, 153, 221, 334, 349, 351, 425]
[17, 39, 57, 126, 195, 251, 342, 440]
[23, 56, 81, 124, 139, 144, 174, 205, 229, 304, 382, 462]
[9, 48, 96, 171, 177, 183, 204, 272, 290, 301, 310, 367]
[1, 6, 89, 95, 113, 273, 298, 326, 335, 379]
[11, 27, 34, 77, 119, 140, 198, 202, 228, 252, 288]
[69, 101, 109, 170, 249, 291, 314, 319, 346, 380, 423]
[25, 58, 76, 118, 155, 190, 244, 257, 264, 368, 438]
[37, 98, 142, 189, 213, 269, 331, 362, 435]
[138, 154, 164, 211, 278, 339, 401, 402]
[403, 404, 406, 407, 408, 409, 410, 415, 416, 419, 439]
[420, 421, 422, 426, 427, 430, 431, 458]
[437, 443, 444, 445, 446, 447, 448, 450]
[456, 457, 467, 468, 469, 470, 471, 472, 473, 483]
[474, 475, 476, 477, 478, 479, 480, 481, 482, 493]
[484, 486, 487, 488, 489, 490, 491, 492]
[293, 297, 336, 377, 494, 495, 496, 500]
[196, 218, 220, 248, 260, 263, 352, 397, 399, 400]
[26, 68, 108, 166, 207, 237, 330, 376]
