Variable Length Representation of Loading:
[137, 142, 194, 204, 250, 351, 415, 416, 472]
[8, 133, 209, 237, 260, 280, 295, 301, 359, 428, 448]
[15, 51, 70, 71, 104, 169, 248, 367, 452, 458, 477]
[68, 82, 113, 125, 148, 179, 202, 294, 360]
[39, 55, 75, 178, 256, 265, 317, 329, 343, 490, 500]
[28, 33, 35, 36, 146, 164, 288, 426, 489, 493]
[52, 190, 258, 287, 304, 325, 340, 365, 381, 406, 480]
[12, 13, 112, 129, 186, 187, 283, 336, 373, 395, 438]
[7, 41, 81, 103, 117, 121, 207, 221, 270, 379, 463]
[5, 90, 149, 218, 235, 266, 274, 297, 323, 342, 358, 485]
[9, 11, 86, 98, 107, 123, 158, 163, 298, 311, 460, 466]
[85, 152, 165, 242, 246, 284, 326, 385, 423, 424, 465]
[27, 54, 83, 156, 167, 327, 356, 375, 383, 412, 442]
[30, 31, 174, 182, 216, 273, 279, 321, 464, 491]
[6, 34, 154, 160, 197, 229, 244, 338, 347, 398, 404, 444, 471]
[14, 76, 89, 93, 143, 191, 208, 215, 228, 457, 488]
[10, 22, 25, 57, 62, 65, 88, 111, 115, 147, 172, 185, 434, 454]
[1, 3, 74, 87, 110, 120, 144, 219, 220, 368, 453]
[97, 139, 151, 198, 227, 234, 384, 392, 418, 436]
[45, 132, 269, 313, 391, 407, 427, 441, 478, 486, 498]
[17, 32, 105, 135, 212, 271, 315, 333, 363, 401, 446, 462]
[84, 138, 184, 239, 277, 289, 344, 376, 402, 433]
[21, 122, 254, 278, 292, 318, 346, 388, 437, 470]
[20, 42, 161, 192, 224, 232, 233, 259, 267, 272, 306, 408, 455]
[18, 26, 116, 162, 257, 303, 394, 405]
[24, 46, 61, 114, 293, 296, 328, 361, 421, 450, 461, 482]
[58, 78, 95, 119, 127, 136, 195, 238, 275, 314, 390]
[19, 66, 118, 128, 183, 210, 214, 226, 245, 386]
[29, 69, 96, 203, 305, 312, 319, 366, 374, 389]
[37, 261, 281, 307, 310, 341, 396, 440]
[77, 99, 126, 153, 173, 290, 377, 400, 483]
[2, 47, 73, 79, 150, 177, 236, 362, 370, 414, 497]
[40, 201, 206, 213, 241, 249, 263, 300, 337, 345, 422]
[38, 180, 223, 251, 282, 299, 309, 320, 331, 335, 425, 473, 496]
[23, 72, 168, 252, 276, 369, 382, 411, 420, 443, 445]
[4, 134, 188, 199, 211, 243, 291, 316, 349, 387, 419]
[92, 101, 124, 145, 193, 217, 247, 353, 372, 451, 456, 459]
[44, 109, 155, 181, 231, 431, 447, 484, 487, 494]
[43, 56, 108, 130, 200, 352, 410, 413, 449, 468, 476]
[48, 91, 159, 166, 176, 222, 322, 330, 403, 409, 439, 499]
[16, 67, 94, 102, 171, 196, 264]
[49, 131, 189, 205, 285, 302, 324, 435, 467, 469, 474]
[64, 157, 175, 230, 255, 262, 332, 357, 393, 479]
[60, 100, 140, 225]
[50, 59, 80, 106, 170, 240, 253]
[53, 63, 141, 286, 354, 429]
