Variable Length Representation of Loading:
[7, 16, 24, 73, 80, 181, 229, 332, 360, 491]
[8, 14, 21, 32, 37, 87, 179, 213, 284, 290, 308, 358]
[39, 78, 198, 238, 277, 309, 357, 379, 367, 421, 459]
[93, 97, 122, 173, 211, 244, 371, 381, 425]
[10, 68, 77, 170, 282, 311, 335, 369, 412, 442, 480]
[27, 61, 162, 291, 312, 316, 320, 333, 359, 417]
[103, 125, 132, 221, 226, 254, 322, 368, 389, 395]
[99, 116, 182, 183, 273, 319, 326, 340, 376, 409, 454]
[11, 17, 96, 165, 168, 192, 216, 373, 385, 428, 479]
[41, 63, 89, 128, 188, 200, 239, 261, 263, 349, 441]
[53, 60, 86, 207, 270, 314, 372, 422, 438, 456]
[1, 155, 166, 174, 176, 231, 257, 269, 280, 300, 325, 378, 415]
[48, 66, 71, 85, 135, 159, 361, 391, 392, 450]
[31, 51, 70, 76, 234, 268, 414, 420, 447]
[35, 56, 92, 104, 161, 204, 209, 246, 281, 407]
[62, 67, 120, 152, 156, 197, 347, 377, 401]
[102, 149, 199, 223, 275, 365, 394, 443]
[18, 54, 74, 142, 217, 224, 348, 351, 400, 402, 403, 433]
[101, 140, 143, 240, 289, 298, 328, 331, 397, 427]
[42, 55, 69, 164, 265, 327, 437, 446, 461]
[33, 91, 115, 283, 306, 356, 413, 444]
[2, 95, 109, 148, 167, 205, 323, 405, 408]
[43, 65, 114, 138, 172, 243, 252, 271, 294, 445]
[90, 130, 185, 235, 302, 310, 336, 436, 453]
[9, 34, 49, 144, 201, 250, 318, 330, 388, 404]
[25, 82, 94, 124, 127, 139, 158, 230, 241, 339, 435, 449]
[22, 28, 46, 154, 225, 232, 260, 287, 296, 341, 432]
[12, 129, 202, 262, 266, 307, 315, 483]
[58, 195, 236, 304, 324, 380, 390, 430]
[29, 45, 108, 136, 171, 220, 256, 259, 419, 424]
[3, 137, 141, 180, 184, 215, 237, 293]
[44, 52, 121, 206, 247, 267, 342, 396, 399, 406]
[111, 123, 131, 157, 169, 186, 196, 219, 251, 274, 448, 458]
[79, 83, 84, 88, 146, 212, 253, 329, 353, 434]
[151, 153, 187, 248, 299, 344, 366, 375, 426, 439, 440, 482]
[147, 193, 210, 227, 245, 255, 279, 352, 383, 455, 484]
[38, 40, 81, 107, 117, 288, 354, 355, 496]
[23, 47, 50, 98, 100, 145, 297, 303, 305, 338]
[113, 134, 175, 258, 317, 346, 350, 398, 451]
[6, 178, 208, 264, 301, 337, 387, 418, 429, 431]
[19, 26, 57, 112, 242, 363, 386, 411, 416]
[106, 163, 214, 233, 292, 364, 370, 382, 423]
[4, 59, 126, 189, 194, 222, 286, 295, 313, 452]
[5, 13, 110, 191, 203, 272, 276, 343, 384]
[30, 72, 105, 118, 228, 249, 321, 345, 393]
[15, 20, 36, 64, 119, 133, 150, 177, 190, 278, 374]
[457, 460, 462, 463, 464, 465, 466, 467, 468, 469, 485]
[470, 471, 472, 473, 474, 475, 476, 477, 478, 481]
[334, 486, 487, 488, 489, 490, 492, 493, 494, 495, 497, 498]
[75, 160, 218, 285, 362, 410, 499, 500]
