Variable Length Representation of Loading:
[7, 16, 24, 73, 80, 181, 229, 332, 360, 491]
[49, 91, 104, 107, 139, 175, 203, 230]
[17, 38, 64, 76, 78, 182, 274, 323, 432]
[56, 253, 263, 298, 299, 365, 388, 427]
[9, 15, 30, 36, 53, 130, 275, 310, 401, 441]
[85, 134, 208, 242, 247, 269, 330, 368, 370, 379, 449]
[33, 54, 65, 101, 137, 347, 350, 396, 429, 442, 469]
[84, 98, 236, 265, 288, 290, 413, 443, 456, 460, 494]
[1, 105, 166, 179, 191, 308, 327, 329, 354, 416, 445]
[42, 66, 72, 97, 127, 151, 195, 205, 415, 435]
[70, 145, 167, 212, 284, 302, 414, 437, 485]
[90, 95, 99, 113, 131, 158, 184, 240, 300, 405, 411]
[71, 120, 156, 206, 238, 260, 273, 320, 337, 381, 392, 451]
[10, 82, 94, 170, 178, 209, 239, 264, 321, 377, 428, 454]
[93, 109, 177, 248, 250, 283, 394, 408, 426]
[22, 43, 74, 123, 165, 174, 207, 291, 314, 340]
[11, 29, 89, 125, 144, 157, 192, 287, 353, 444]
[63, 132, 150, 155, 216, 366, 384, 389, 402, 403]
[44, 59, 110, 200, 293, 316, 317, 359, 410, 439, 461, 481]
[2, 12, 115, 121, 122, 280, 343, 406]
[57, 111, 146, 196, 243, 249, 272, 306, 434]
[60, 106, 160, 188, 215, 218, 244, 254, 349, 419]
[31, 39, 88, 143, 221, 224, 355, 380, 452]
[62, 129, 152, 202, 278, 281, 339, 367, 376, 385, 421, 431]
[183, 214, 231, 246, 268, 282, 297, 313, 322, 351, 386, 412]
[32, 45, 50, 136, 140, 213, 303, 364, 446]
[40, 46, 128, 171, 204, 326, 387, 391, 438]
[3, 100, 147, 162, 172, 233, 255, 301, 373]
[35, 51, 86, 163, 251, 363, 395, 436, 455]
[27, 114, 201, 220, 228, 252, 356, 404, 433, 484]
[8, 14, 58, 133, 187, 261, 338, 374, 423]
[23, 41, 112, 142, 149, 186, 194, 198, 259, 266, 357]
[18, 138, 267, 277, 286, 341, 348, 418, 420, 422, 448]
[87, 92, 96, 153, 173, 225, 245, 271, 294, 295, 312, 331, 361, 382]
[67, 108, 159, 305, 307, 342, 398]
[52, 126, 148, 197, 199, 328, 344, 390]
[6, 19, 26, 102, 161, 237, 383, 400, 424]
[4, 47, 55, 135, 168, 222, 309, 319, 325, 333, 345, 425, 440]
[28, 48, 75, 83, 176, 210, 217, 241, 362, 407, 482]
[61, 79, 154, 226, 232, 262, 270, 285]
[37, 69, 117, 119, 180, 223, 276, 334, 358, 369, 372]
[34, 77, 116, 256, 296, 399, 430, 447, 480]
[118, 124, 164, 193, 227, 257, 304, 315, 324]
[13, 20, 81, 103, 289, 311, 336, 352, 453]
[68, 141, 189, 219, 258, 335, 393, 397, 450, 483]
[5, 21, 25, 169]
[457, 458, 459, 462, 463, 464, 465, 466, 467, 468]
[470, 471, 472, 473, 474, 475, 476, 477, 478, 479]
[486, 487, 488, 489, 490, 492, 493, 495, 496, 497, 498]
[190, 211, 234, 279, 318, 346, 378, 409, 499, 500]
