Variable Length Representation of Loading:
[27, 170, 181, 190, 193, 330, 351, 403, 410]
[82, 119, 158, 236, 243, 244, 255, 399, 447, 473]
[4, 83, 120, 133, 237, 360, 386, 443, 456]
[8, 21, 35, 152, 179, 242, 272, 366, 408, 466]
[41, 42, 103, 128, 180, 231, 283, 329, 355]
[26, 98, 136, 139, 176, 200, 201, 317, 359, 418]
[10, 159, 209, 248, 305, 350, 388, 395, 424]
[2, 20, 90, 191, 211, 221, 294, 298, 417]
[117, 144, 150, 161, 229, 265, 303, 369, 440, 442, 448, 496]
[25, 31, 92, 94, 129, 146, 186, 233, 334, 375, 476]
[5, 14, 47, 70, 99, 168, 188, 246, 278, 281, 404, 423]
[106, 153, 226, 288, 291, 304, 354, 362, 416, 462]
[39, 50, 118, 164, 172, 183, 310, 341, 344, 414]
[29, 75, 91, 187, 267, 324, 378, 392, 425]
[7, 17, 22, 95, 220, 227, 333, 387, 415, 428]
[11, 12, 155, 328, 383, 385, 402, 468]
[18, 63, 138, 210, 261, 295, 296, 306, 337, 391, 485, 495]
[6, 19, 34, 67, 80, 84, 154, 276]
[32, 61, 124, 141, 171, 177, 192, 312, 444, 475]
[79, 108, 111, 114, 132, 197, 301, 319, 343, 374, 390]
[86, 97, 105, 116, 127, 216, 235, 290, 412, 433, 451, 493]
[55, 76, 101, 143, 151, 224, 238, 241, 284, 406, 437, 439, 467]
[56, 87, 88, 163, 206]
[23, 59, 123, 203, 228, 256, 259, 269, 398, 431, 459]
[36, 37, 38, 49, 113, 142, 279, 313, 316, 340, 426, 469]
[43, 51, 71, 173, 199, 214, 335, 339, 353, 401]
[52, 58, 65, 110, 126, 208, 245, 273, 282]
[28, 121, 122, 145, 277, 321, 377, 382, 393]
[1, 16, 74, 93, 219, 260, 320, 338, 458, 491]
[33, 68, 78, 131, 182, 249, 266, 347, 352]
[72, 77, 167, 169]
[15, 247, 270, 397, 413, 429, 452]
[9, 53, 112, 140, 162, 250, 357, 409]
[73, 175, 213, 217, 372, 373, 394, 407, 420, 449, 478, 482]
[3, 13, 64, 85, 184, 185, 195, 222, 292, 322, 367]
[96, 147, 157, 174, 225, 253, 258, 380, 492, 494]
[60, 102, 178, 202, 207, 311, 363, 453]
[107, 134, 156, 204, 215, 251, 252, 405, 427]
[30, 44, 160, 194, 212, 254, 264, 275, 480]
[54, 69, 100, 109, 115, 135, 189, 223, 274, 325, 419, 441]
[40, 66, 81, 104, 257, 271, 308, 314, 422, 477]
[62, 297]
[45, 166, 240, 285, 287, 307, 327, 331, 384, 479]
[46, 57, 89, 198, 323, 346, 365, 368, 457, 484]
[24, 165, 342, 348, 356, 364, 370]
[48, 148, 239, 289, 349, 411, 430, 432, 454]
[130, 205, 262, 300, 371, 389, 435, 446, 463, 464, 465]
[149, 470, 471, 472, 486]
[218, 230, 232, 299, 436, 497, 498, 499, 500]
[125, 137, 280, 309, 336, 358, 400, 445, 455, 481]
[326, 421, 434, 483]
[196, 293, 345, 379, 438]
[234, 263, 268, 286, 302]
[460, 461, 474]
[396]
