Variable Length Representation of Loading:
[19, 139, 151, 180, 193, 237, 325, 345, 500]
[27, 127, 189, 284, 296, 365, 375, 428, 451]
[54, 143, 226, 239, 255, 302, 341, 362, 441]
[13, 49, 94, 111, 119, 403, 438, 460]
[4, 89, 158, 230, 247, 268, 281, 319, 374, 484]
[183, 188, 203, 265, 337, 381, 429, 436, 467, 478]
[5, 84, 117, 215, 225, 326, 354, 369, 414, 419, 421]
[58, 59, 79, 98, 99, 100, 103, 216, 361, 411, 469]
[86, 113, 141, 211, 243, 290, 297, 329, 383, 430, 468, 492]
[22, 74, 212, 232, 303, 349, 400, 423, 440, 476]
[81, 108, 149, 169, 176, 205, 301, 308, 339, 465, 497]
[8, 38, 41, 163, 221, 228, 249, 331, 392, 481]
[44, 61, 92, 178, 194, 213, 253, 276, 288, 318, 495]
[15, 26, 95, 192, 246, 330, 380, 452, 472]
[7, 16, 24, 73, 80, 181, 229, 332, 360, 491]
[37, 254, 412, 439, 470]
[71, 167, 208, 223, 257, 277, 295, 387, 394]
[106, 110, 199, 206, 270]
[18, 140, 150, 162, 263, 278, 310, 397, 444]
[64, 66, 76, 155, 201, 283, 305, 416, 454, 480, 489]
[147, 240, 273, 323]
[112, 164, 190, 264, 317]
[32, 36, 88, 172, 177, 182, 207, 219, 287, 333]
[53, 126, 170, 309, 334, 417, 425, 487, 488, 493]
[21, 56, 72, 91, 124, 138, 191, 259, 294, 359, 431, 456]
[102, 154, 271, 275, 289, 357, 409, 450]
[55, 114, 123, 142, 209, 311, 343, 418, 479]
[90, 120, 121, 236, 272, 344, 372, 442, 445, 498]
[45, 47, 83, 109, 135, 161, 175, 196, 217, 367, 378]
[50, 136, 144, 321, 350, 351, 407, 424, 455, 458, 474]
[63, 78, 174, 220, 222, 250]
[11, 30, 159, 218, 245, 356, 391, 459, 477]
[34, 75, 132, 148, 244, 377, 433, 443, 471]
[39, 46, 60, 96, 171, 261, 363, 373, 395]
[3, 42, 51, 107, 125, 129, 234, 286, 426, 473]
[17, 82, 118, 258, 313, 379, 399, 413, 464, 466]
[105, 134, 157, 238, 307, 393, 398, 422, 427]
[35, 69, 130, 227, 274, 306, 342, 388, 406]
[40, 87, 93, 156, 210, 214, 251, 269, 291, 292, 346, 410, 434]
[6, 128, 173, 316, 338, 358, 446, 457, 475]
[68, 70, 166, 187, 370, 385, 386, 405, 483, 490]
[10, 57, 67, 116, 146, 260, 293, 320, 340, 368]
[2, 65, 101, 235, 298, 312, 371, 382, 389, 415]
[29, 104, 137, 160, 198, 324, 353, 462]
[28, 31, 52, 384, 404, 453]
[9, 43, 48, 131, 133, 168, 282, 315, 347]
[12, 122, 195, 224, 233, 262, 335, 401, 482]
[1, 62, 115, 186, 204, 242, 322, 448, 449, 494]
[14, 20, 23, 85, 97, 200, 231, 241, 314, 336, 402]
[153, 185, 202, 248, 256, 285, 348, 364, 396]
[25, 33, 77, 152, 165, 184, 197, 299, 355]
[145, 179, 252, 280, 327, 432, 447, 485]
[463]
[300, 304, 376, 408, 499]
[266, 267, 279, 328, 496]
[352, 390, 420, 461, 486]
