Variable Length Representation of Loading:
[32, 78, 97, 282, 291, 322, 340, 385, 441, 456]
[57, 84, 121, 175, 207, 258, 417, 431, 475]
[79, 124, 135, 172, 182, 203, 246, 295, 325, 428]
[27, 46, 86, 92, 110, 157, 198, 253, 268, 296, 328]
[145, 201, 260, 275, 324, 348, 457, 458, 491]
[6, 87, 156, 304, 312, 342, 349, 354, 378, 383, 406, 426, 446]
[21, 50, 127, 263, 266, 302, 334, 390]
[35, 36, 47, 93, 95, 228, 289, 404, 425, 460]
[77, 103, 114, 188, 200, 252, 287, 353, 423, 427, 469]
[42, 83, 89, 108, 210, 213, 308, 368, 472]
[29, 116, 170, 179, 221, 225, 256, 279, 299, 357]
[16, 69, 111, 137, 219, 261, 288, 333, 408, 420, 465, 468]
[28, 65, 142, 214, 239, 323, 350, 366, 376, 471, 479]
[67, 81, 165, 8, 44, 130, 181]
[3, 68, 85, 178, 211, 285, 344, 386, 434, 450]
[24, 45, 125, 143, 352, 389, 402, 448, 477]
[15, 41, 74, 112, 139, 158, 227, 259, 284, 327, 481]
[37, 90, 146, 166, 321, 332, 347, 411, 452]
[10, 38, 40, 168, 173, 212, 215, 217, 277, 305, 359, 473]
[20, 23, 70, 115, 138, 167, 242, 309, 335, 362, 433, 443]
[9, 186, 250, 271, 301, 409, 436, 474, 485, 492]
[75, 82, 101, 202, 206, 232, 235, 269, 290, 313, 413, 447]
[31, 132, 280, 336, 399, 422, 430, 439]
[26, 63, 91, 154, 174, 204, 384, 388, 490]
[4, 33, 53, 94, 160, 257, 292, 329, 445, 464]
[7, 113, 141, 159, 205, 273, 278, 293, 453]
[58, 106, 144, 161, 176, 196, 229, 374, 393]
[99, 100, 117, 118, 119, 150, 153, 185, 209, 220, 222, 274, 326]
[13, 152, 183, 189, 247, 298, 310, 319]
[52, 234, 243, 255, 262, 373, 438, 466]
[8, 44, 130, 181]
[55, 76, 169, 224, 339, 367, 372, 379, 412, 444, 459, 478]
[30, 43, 56, 195, 208, 218, 276, 345, 369]
[51, 61, 131, 199, 226, 375, 394, 400, 449]
[25, 39, 98, 151, 240, 248, 358, 470]
[11, 34, 60, 73, 238, 272, 364, 414, 440]
[5, 12, 18, 123, 129, 338, 371, 396]
[22, 54, 59, 66, 128, 194, 281, 365, 482, 496]
[48, 102, 122, 136, 148, 164, 361, 377]
[17, 19, 71, 104, 187, 193, 245, 254, 392, 421]
[107, 171, 191, 216, 244, 270, 351, 381, 418, 455]
[1, 14, 120, 134, 197, 267, 311, 397, 437, 461]
[109, 177, 264, 294, 318, 401, 403, 410, 416, 497]
[64, 140, 162, 192, 231, 233, 251, 320, 346, 382, 419, 467]
[2, 62, 80, 155, 283, 307, 343]
[88, 96, 126, 180, 241, 316, 337, 395, 435]
[49, 105, 147, 149, 163, 265, 330, 331, 432]
[72, 133, 184, 286, 314, 317, 360, 424, 451]
[223, 230, 249, 297, 315, 387, 462, 476, 489, 495]
[236, 303, 355, 405, 415, 486, 487, 488]
[380, 391, 398, 463, 483, 484, 498]
[370, 429, 493, 494, 499, 500]
[237, 306, 341, 454, 480]
[190, 300, 356, 363, 407, 442]
