Variable Length Representation of Loading:
[4, 7, 8, 16, 31, 66, 77, 252, 260, 317]
[86, 110, 160, 173, 207, 212, 215, 250, 259]
[33, 223, 255, 268, 286, 296, 309, 310]
[277, 330, 346, 356, 377, 408, 422, 463]
[11, 21, 50, 79, 489]
[85, 111, 114, 122, 141, 165, 177]
[13, 192, 235, 303, 357, 384, 475, 481]
[117, 163, 351, 355, 373, 375, 385, 390, 409, 484]
[5, 61, 155, 198, 328, 424, 483]
[193, 337, 338, 348, 358, 370, 405, 427, 457, 458]
[65, 94, 97, 180, 182, 316, 331, 350]
[41, 53, 62, 146, 154, 295, 315, 366, 443]
[43, 69, 231, 258, 269, 272, 414]
[36, 44, 63, 87, 88, 105, 382, 480]
[10, 68, 93, 283, 300, 307, 343, 383, 391]
[35, 130, 297, 360, 378, 437, 445, 455]
[76, 164, 228, 249, 251, 254, 274]
[237, 324, 380, 441, 451, 454]
[3, 125, 169, 190, 197, 213, 327, 479]
[81, 187, 293, 334, 349, 368, 428]
[47, 52, 299, 340]
[137, 151, 222, 233, 248, 308, 459]
[119, 289, 302, 312, 381, 400]
[40, 138, 166, 267, 287, 436, 439]
[28, 64, 175, 321, 344, 418]
[18, 301, 361, 374, 465, 476]
[134, 199, 208, 326, 415, 433, 490]
[82, 143, 221, 243, 440, 453, 497]
[26, 203, 306, 332, 336, 450]
[139, 142, 216, 365, 447]
[106, 181, 202, 323, 339, 394, 421]
[1, 153, 161, 185, 195, 294, 342]
[6, 34, 42, 70, 157, 218, 229, 275]
[90, 115, 244, 246, 304, 469, 491, 495]
[56, 78, 83, 126, 189, 210, 431, 462]
[219, 285, 410, 416, 452, 496]
[29, 51, 73, 291, 320, 498, 499]
[24, 107, 211, 230, 352, 353, 434, 442]
[27, 59, 148, 188, 472, 482]
[15, 95, 364, 387, 395, 432, 478]
[17, 72, 96, 144, 214, 411, 448, 467]
[23, 200, 238, 369, 396, 429, 500]
[45, 54, 108, 129, 379, 412, 494]
[158, 183, 201, 257, 278, 311, 398]
[38, 135, 191, 245, 347, 401]
[145, 159, 205, 240, 266, 371, 461]
[184, 225, 264, 270, 276, 446, 470]
[2, 127, 132, 241, 273, 335, 419, 426]
[89, 128, 149, 162, 171, 227, 318, 456]
[30, 102, 113, 288, 290, 449, 485]
[123, 140, 174, 314, 341, 363]
[14, 55, 282, 298, 423, 425, 444, 486]
[12, 32, 136, 280, 313, 372, 488]
[39, 74, 98, 103, 167, 204, 224, 389]
[80, 239, 263, 435, 471, 474]
[60, 116, 170, 220, 487, 493]
[121, 150, 325, 386, 388, 406, 430, 466]
[84, 92, 101, 234, 247, 404]
[37, 49, 57, 99, 152, 196]
[262, 322, 329, 345, 367, 460]
[109, 147, 172, 253, 265, 271, 417]
[19, 20, 91, 118, 120, 492]
[58, 209, 236, 256, 407, 468]
[71, 100, 104, 131, 176, 319, 399]
[156, 168, 186, 217, 281, 284, 473]
[178, 194, 232, 261, 376, 477]
[48, 75, 226, 242, 402, 464]
[25, 67, 112, 397, 403, 438]
[9, 22, 124, 305, 393, 413]
[133, 206, 279, 292, 333, 359, 392]
[354, 420, 46, 179, 362]
