Variable Length Representation of Loading:
[90, 110, 153, 163, 194, 205, 240, 300, 355, 363, 370, 430, 441, 483, 484]
[18, 60, 99, 109, 266, 332]
[38, 91, 173, 198, 215, 250, 268]
[120, 141, 156, 235, 269]
[6, 27, 30, 119, 143, 209, 270, 384, 467]
[9, 24, 29, 74, 106, 161, 272, 436, 487]
[11, 52, 165, 195, 273, 394, 405, 497]
[36, 101, 210, 213, 274, 413]
[85, 164, 220, 224, 275, 279, 397, 444]
[1, 92, 138, 168, 329, 379, 406]
[31, 40, 122, 211, 238, 271, 448]
[41, 69, 108, 127, 183, 276, 290, 398]
[51, 100, 107, 114, 207, 374, 415, 468]
[78, 88, 94, 98, 147, 174, 251, 254, 256, 338, 442]
[57, 62, 102, 221, 223, 299, 343, 404, 490]
[14, 49, 96, 201, 222, 316]
[54, 55, 75, 103, 116, 182, 218, 252, 375, 452, 470]
[17, 58, 76, 87, 259, 352, 445]
[10, 20, 191, 216, 369, 410]
[39, 64, 70, 133, 303, 334, 392, 399, 469, 485]
[16, 63, 72, 178, 242, 310, 419, 494]
[50, 56, 95, 115, 189, 203, 217, 293, 472]
[4, 59, 123, 202, 212, 232, 317, 431, 459]
[15, 105, 125, 136, 157, 167, 228, 360]
[146, 150, 214, 244, 284, 359, 402]
[46, 142, 208, 230, 257, 454]
[43, 73, 137, 199, 282, 357, 396, 492]
[61, 66, 124, 155, 233, 258, 345, 393, 395, 446]
[3, 67, 68, 172, 177, 229, 239, 265, 319, 349]
[81, 145, 151, 179, 190, 372, 421]
[19, 35, 48, 77, 128, 226, 227, 236, 401, 432, 486]
[33, 104, 186, 241, 351, 435, 447]
[12, 154, 231, 253, 337, 346, 474]
[118, 245, 262, 350, 353, 466, 493]
[2, 7, 89, 277, 313, 373, 411, 456, 496]
[5, 13, 21, 47, 117]
[53, 71, 130, 132, 139, 149, 234, 358]
[28, 34, 44, 121, 131, 134, 204, 286, 488]
[113, 126, 159, 171, 200, 249, 267]
[83, 93, 175, 180, 237, 306, 347]
[26, 32, 37, 169, 188, 197, 280, 340]
[23, 80, 225, 260, 362]
[25, 187, 255, 339, 356, 367]
[65, 112, 162, 192]
[8, 111, 148, 184, 291]
[22, 97, 170, 301, 400]
[42, 79, 82, 196]
[135, 140, 160, 166, 331, 348]
[158, 176, 185, 193, 342]
[206, 219, 243, 246]
[247, 248, 261, 263]
[264, 278, 281, 285]
[283, 287, 288, 289, 294]
[292, 295, 296, 297]
[298, 302, 304, 305, 427]
[307, 308, 311, 312, 314]
[309, 315, 318, 320, 321]
[322, 323, 324, 325]
[326, 327, 328, 330, 333]
[336, 341, 344, 354, 361]
[364, 365, 366, 368, 371]
[376, 378, 439, 440, 443]
[387, 388, 389, 390, 391, 403]
[407, 409, 412, 414]
[416, 417, 418, 420]
[426, 428, 429, 433, 434]
[437, 438, 380, 381, 383, 386, 478]
[449, 450, 451, 453, 455]
[457, 458, 460, 461, 495]
[84, 462, 463, 464]
[129, 465, 471, 473]
[181, 475, 476, 477]
[144, 479, 480, 481, 482]
[152, 377, 382, 489, 491, 498]
[45, 86, 499, 500]
[335, 385, 408, 422, 423, 424, 425]
