Variable Length Representation of Loading:
[45, 73, 110, 232, 346, 348, 369, 414]
[1, 68, 89, 108, 123, 197, 253]
[2, 71, 124, 177, 190, 207, 214]
[3, 53, 58, 115, 165, 183, 217, 394]
[4, 48, 56, 64, 116, 182, 206]
[5, 62, 98, 143, 155, 169, 191, 225]
[6, 55, 60, 106, 118, 210, 404]
[7, 59, 119, 157, 179, 211, 495]
[8, 78, 88, 91, 133, 160, 204, 237]
[9, 50, 103, 112, 176, 269, 405]
[10, 69, 126, 149, 152, 178, 221, 279]
[11, 66, 74, 121, 125, 132, 144, 213, 396]
[12, 84, 136, 145, 203, 234]
[13, 57, 90, 94, 500]
[14, 72, 87, 137, 171, 209]
[15, 77, 109, 120, 187, 227]
[16, 43, 92, 117, 153, 164, 172, 236]
[17, 36, 44, 76, 140, 186, 241]
[18, 54, 61, 107, 127, 180, 216, 431]
[19, 51, 65, 129, 193, 208, 271]
[20, 75, 135, 189, 224]
[21, 67, 99, 130, 162, 202, 218, 230]
[22, 80, 134, 142, 181, 205, 430]
[23, 81, 111, 156, 194, 223, 240]
[24, 40, 63, 104, 148, 196, 432]
[25, 79, 141, 159, 184, 222, 293, 452]
[26, 82, 138, 161, 188, 239]
[27, 39, 52, 93, 101, 147, 220]
[28, 85, 95, 113, 170, 231, 270]
[29, 47, 96, 168, 175, 201, 347]
[30, 86, 151, 166, 167, 200, 219]
[31, 70, 114, 139, 163, 174, 212, 238]
[32, 49, 102, 131, 173, 198, 215, 235]
[33, 37, 41, 46, 100, 128, 192, 228]
[34, 42, 97, 154, 158, 195, 229]
[35, 38, 83, 150, 199, 233, 366]
[242, 243, 244, 245, 246, 360, 496]
[247, 248, 249, 250, 251, 252, 254, 268, 350]
[255, 256, 257, 258, 259, 260, 261, 262]
[263, 264, 265, 266, 267, 397]
[272, 273, 274, 275, 276, 277, 278, 280]
[281, 282, 283, 284, 285, 286, 351]
[287, 288, 289, 290, 291, 292]
[294, 295, 296, 297, 310]
[298, 299, 300, 301, 302, 303, 304, 318]
[305, 306, 307, 308, 309, 311]
[312, 313, 314, 315, 316, 317, 319, 329]
[320, 321, 322, 323, 343, 349, 429]
[324, 325, 326, 327, 328, 344, 359]
[330, 331, 332, 333, 334, 335, 345]
[336, 337, 338, 339, 340, 341, 342, 392]
[352, 353, 354, 355, 356, 357, 358, 383]
[361, 362, 363, 364, 365, 367]
[368, 370, 371, 372, 373, 374, 375]
[376, 377, 378, 379, 380, 381, 382, 384, 385, 393]
[386, 387, 388, 389, 390, 391, 395]
[398, 399, 400, 401, 402, 403]
[406, 407, 408, 409, 410, 411]
[412, 413, 415, 416, 417, 423]
[418, 419, 420, 421, 422]
[424, 425, 426, 427, 428]
[433, 434, 435, 436, 437, 438]
[439, 440, 441, 442, 443, 444, 445, 446]
[447, 448, 449, 450, 451, 492]
[453, 454, 455, 456, 457, 458, 459, 470]
[460, 461, 462, 463, 469, 493]
[464, 465, 466, 467, 468, 476]
[471, 472, 473, 474, 475, 494]
[477, 478, 479, 480, 481, 487, 490]
[482, 483, 484, 485, 486, 488, 489, 491]
[498, 499, 105, 122, 146, 185, 226, 497]
