Variable Length Representation of Loading:
[3, 24, 75, 108, 194, 200, 204, 226, 256, 258, 269, 493]
[12, 21, 48, 92, 218, 249, 276, 293]
[31, 56, 88, 91, 134, 197, 214, 300, 392]
[7, 105, 207, 228, 233, 242, 344, 404]
[11, 29, 53, 69, 109, 124, 151, 164]
[1, 101, 125, 132, 251, 342, 368, 406, 456]
[34, 81, 96, 152, 166, 262, 367]
[65, 111, 180, 398, 466]
[59, 123, 188, 205, 213, 420, 488]
[27, 39, 44, 163, 165, 223, 244, 253, 446, 472]
[10, 80, 90, 104, 121, 172, 270, 280]
[79, 130, 144, 170, 231, 284]
[52, 67, 245, 348, 373, 396, 397, 448]
[32, 51, 66, 93, 162, 177, 222, 318, 349, 399, 497]
[46, 70, 71, 234, 275, 311, 495]
[77, 107, 176, 261, 271, 430, 444]
[6, 119, 154, 202]
[17, 55, 62, 78, 117, 173, 230, 240, 241, 408]
[18, 30, 189, 198, 257]
[43, 86, 112, 193, 329]
[2, 74, 190, 206, 211, 468]
[13, 47, 58, 122, 128, 328]
[37, 38, 41, 50, 239, 352, 415, 490]
[4, 57, 63, 85]
[5, 72, 76, 178, 254, 303, 382, 390, 484]
[175, 192, 216, 250, 347, 385, 394]
[16, 20, 89, 184, 255, 268, 366, 441, 454]
[26, 33, 97, 98, 131, 274, 432]
[36, 54, 113, 143, 182, 203, 212, 265, 343, 346, 384, 431]
[99, 106, 118, 153, 186, 191, 215, 306]
[19, 115, 155, 161, 238, 277, 355, 467, 469]
[25, 64, 133, 157, 169, 370, 395]
[9, 110, 138, 187, 209, 317, 359, 383, 393, 445]
[139, 158, 179, 235, 272, 351]
[14, 120, 183, 227, 229, 279, 363, 413]
[28, 84, 100, 102, 150, 171]
[8, 68, 142, 201, 217, 252, 345, 486]
[116, 146, 168, 199, 350, 478, 500]
[22, 60, 73, 87, 129]
[140, 141, 156, 159, 310, 369]
[49, 135, 147, 436, 494]
[23, 35, 40, 94, 149, 185, 220]
[15, 82, 174, 219, 260, 335, 492]
[42, 95, 114, 136, 137, 160]
[148, 210, 225, 237, 291]
[243, 246, 247, 248]
[263, 145, 434]
[278, 281, 282, 283, 419, 474]
[167]
[295, 296, 297, 298]
[299, 301, 302, 304, 305, 313]
[307, 308, 309, 312]
[314, 315, 320, 321, 322]
[323, 324, 325, 326]
[330, 331, 332, 333, 334]
[336, 337, 338, 339, 340, 341, 411]
[354, 356, 357, 358, 361, 362]
[364, 365, 371, 372]
[374, 375, 376, 377, 378, 380, 381]
[386, 387, 388, 389, 391]
[400, 401, 402, 403, 455]
[407, 409, 410, 412]
[414, 416, 417, 418]
[422, 423, 424, 425, 439]
[426, 427, 428, 429, 433, 447]
[440, 442, 443, 449, 450]
[451, 452, 457, 458, 459, 460]
[61, 465, 470, 471, 473]
[45, 195, 480, 481, 482, 487]
[83, 103, 181, 221, 405, 489, 491]
[224, 232, 289, 290, 498]
[292, 421, 435, 461, 499]
[462, 463, 464, 475]
[476, 477, 479, 485]
[437, 438, 453]
[264, 266, 267]
[208, 236, 259, 316, 353, 496]
[273, 319, 360, 379]
[126, 127]
[285, 286, 287, 288, 294, 327]
[196, 483]
