Variable Length Representation of Loading:
[90, 110, 153, 163, 194, 205, 240, 300, 355, 363, 370, 430, 441, 483, 484]
[9, 26, 111, 117, 216]
[4, 22, 40, 41, 79, 87]
[69, 70, 132, 169, 183, 222, 270, 398, 492]
[6, 102, 138, 142, 154, 215, 319]
[5, 37, 65, 121, 211, 228, 241, 399]
[7, 31, 127, 128, 337, 368]
[60, 100, 119, 157, 217, 237, 385]
[23, 184, 204, 213, 280, 282, 301, 487]
[14, 20, 42, 55, 73, 105, 223, 481]
[28, 50, 91, 115, 191]
[2, 10, 133, 146, 234, 239, 316]
[15, 77, 92]
[33, 80, 156, 197, 242]
[21, 59, 161, 172, 177, 258, 467]
[49, 51, 123, 158, 262]
[12, 24, 103, 118, 126, 173, 392, 466, 469]
[63, 66, 67, 150, 160, 198]
[44, 74, 147, 170, 340]
[53, 56, 57, 130, 140, 165, 202, 207, 334]
[3, 96, 174, 193, 199, 235]
[17, 18, 64, 104, 151, 329, 472]
[86, 101, 152, 200, 224, 226]
[39, 120, 155, 164, 166, 317, 321, 351]
[68, 81, 149, 162, 192, 203]
[35, 97, 98, 176, 210, 259]
[8, 54, 106, 107, 137, 180, 350, 353]
[32, 62, 114, 186, 256, 293, 489]
[25, 27, 88, 108, 109, 136, 139, 181, 496]
[72, 78, 159, 167, 168, 201, 214, 233, 238, 265]
[125, 135, 220, 369, 468]
[11, 16, 47, 93, 175, 178, 268, 343, 493]
[29, 71, 85, 122, 171, 188, 279, 397]
[30, 144, 189, 195, 260, 349, 478]
[34, 52, 84, 190, 253, 318, 401]
[1, 13, 36, 61, 145, 182]
[46, 48, 99, 116, 124, 143, 218]
[129, 141, 209, 227, 236, 271]
[45, 75, 94, 131, 134, 212, 255]
[19, 76, 83, 206]
[58, 89, 148, 185, 497]
[43, 95, 112, 208, 225]
[38, 82, 113, 187]
[196, 229, 230, 231, 232, 269, 347]
[243, 244, 245, 246, 247]
[248, 249, 250, 251, 252, 254, 257, 261]
[263, 264]
[272, 273, 274, 275, 276, 277, 278]
[281, 283, 284, 285, 286]
[287, 288, 289, 290, 291, 292]
[294, 295, 296, 297]
[298, 299, 302, 303, 304, 306]
[305, 307, 308, 313]
[309, 310, 311, 312, 314, 315, 338]
[320, 322, 323, 345, 352]
[324, 325, 326, 327, 328]
[330, 331, 332, 333, 335, 339]
[336, 341, 342, 344, 346, 348]
[354, 356, 357, 358, 359, 360, 361, 384]
[362, 364, 365, 366, 367, 470]
[371, 372, 373, 374, 375, 383]
[376, 377, 378, 379, 386, 387, 388]
[389, 390, 391, 394, 395, 396, 400]
[402, 403, 404, 405, 406, 415]
[407, 408, 409, 410, 411, 488]
[412, 413, 414, 416, 417]
[418, 419, 420, 421, 431, 448]
[422, 423, 424, 425, 429, 432, 455]
[426, 427, 428, 433, 439]
[434, 435, 436, 437, 438, 452]
[440, 442, 443, 444, 445, 446, 456]
[449, 450, 451, 453, 454]
[457, 458, 459, 460, 461]
[462, 463, 464, 465]
[471, 473, 474, 475, 486]
[476, 477, 479, 480]
[447, 482, 485, 490, 491, 494, 498]
[380, 381, 382, 393, 499, 500]
[179, 219, 221, 495]
