Variable Length Representation of Loading:
[37, 42, 91, 132, 142, 203, 232]
[1, 68, 89, 109, 120, 206, 382]
[2, 71, 125, 134, 140, 211, 235]
[3, 53, 58, 117, 164, 172, 236]
[4, 48, 56, 65, 130, 165, 184, 219]
[5, 63, 105, 123, 162, 195, 226, 360]
[6, 55, 60, 107, 129, 215, 242]
[7, 59, 119, 157, 183, 233, 259]
[8, 78, 88, 93, 100, 128, 177, 207, 213, 271]
[9, 51, 64, 118, 185, 256]
[10, 69, 126, 150, 167, 196, 359]
[11, 66, 73, 77, 112, 169, 199, 234]
[12, 84, 136, 149, 160, 214]
[13, 57, 90, 95, 110, 122, 146, 182, 204, 261]
[14, 72, 87, 137, 175, 201, 260, 496]
[15, 76, 147, 191, 223, 240]
[16, 44, 75, 138, 163, 176, 239]
[17, 36, 45, 103, 113, 208, 220]
[18, 54, 61, 108, 124, 197, 268]
[19, 52, 94, 106, 115, 173, 190, 205, 225]
[20, 74, 121, 127, 192, 231, 280]
[21, 67, 101, 148, 188, 224]
[22, 80, 135, 193, 202, 221, 238]
[23, 81, 111, 161, 189, 222, 269, 366]
[24, 41, 46, 102, 131, 180, 228]
[25, 79, 144, 168, 186, 258, 401]
[26, 82, 141, 159, 178, 229, 493]
[27, 40, 62, 96, 171, 210, 452]
[28, 85, 97, 154, 156, 179, 212, 241]
[29, 47, 98, 145, 181, 227]
[30, 86, 155, 158, 200, 218, 257]
[31, 70, 116, 166, 170, 230]
[32, 50, 104, 143, 151, 198, 209, 351]
[33, 38, 83, 152, 194, 216, 293, 495]
[34, 43, 92, 114, 139, 174, 217, 262]
[35, 39, 49, 99, 133, 153, 187, 237]
[243, 244, 245, 246, 247, 349]
[248, 249, 250, 251, 252, 253, 254, 255]
[263, 264, 265, 266, 267]
[272, 273, 274, 275, 276, 277, 278, 279]
[281, 282, 283, 284, 285, 286, 347]
[287, 288, 289, 290, 291, 292]
[294, 295, 296, 297, 310]
[298, 299, 300, 301, 302, 303, 304, 318]
[305, 306, 307, 308, 309, 311]
[312, 313, 314, 315, 316, 317, 319, 329]
[320, 321, 322, 323, 343, 346]
[324, 325, 326, 327, 328, 344, 348]
[330, 331, 332, 333, 334, 335, 345]
[336, 337, 338, 339, 340, 341, 342, 350]
[352, 353, 354, 355, 356, 357, 358, 383]
[361, 362, 363, 364, 365, 367]
[368, 369, 370, 371, 372, 373, 381, 392]
[374, 375, 376, 377, 378, 379, 380, 384, 385, 393]
[386, 387, 388, 389, 390, 391, 399]
[394, 395, 396, 397, 398, 400, 402]
[403, 404, 405, 406, 407, 408]
[409, 410, 411, 412, 413, 414]
[415, 416, 417, 418, 429, 431]
[419, 420, 421, 422, 423, 430, 432]
[424, 425, 426, 427, 428]
[433, 434, 435, 436, 437, 438]
[439, 440, 441, 442, 443, 444, 445, 446]
[447, 448, 449, 450, 451, 492]
[453, 454, 455, 456, 457, 458, 459, 470]
[460, 461, 462, 463, 469, 497]
[464, 465, 466, 467, 468, 476]
[471, 472, 473, 474, 475, 494]
[477, 478, 479, 480, 481, 487, 490]
[482, 483, 484, 485, 486, 488, 489, 491]
[270, 498, 499, 500]
