Variable Length Representation of Loading:
[41, 66, 73, 78, 85, 106, 109, 121, 134, 143, 149, 350, 383]
[167, 202, 212, 217, 226, 244, 284, 288, 301, 303, 306, 340, 390]
[17, 33, 35, 37, 53, 56, 88, 136, 268, 431, 459, 466]
[166, 218, 239, 275, 282, 293, 310, 317, 327, 413, 499]
[55, 93, 125, 251, 254, 260, 265, 273, 311, 338, 343, 356, 384, 392, 401]
[54, 132, 177, 207, 236, 252, 259, 270, 360, 393, 397, 423, 485]
[90, 110, 153, 163, 194, 205, 240, 300, 355, 363, 370, 430, 441, 483, 484]
[24, 103, 173, 221, 258, 269, 277, 377, 385, 411, 432, 442, 467, 493, 497]
[27, 36, 94, 105, 154, 159, 168, 169, 223, 331, 375, 399, 470, 488]
[72, 108, 179, 184, 316, 345, 359, 367, 474]
[48, 51, 77, 95, 155, 233, 335, 348, 349, 379, 405, 436, 445, 481, 496]
[34, 107, 133, 175, 193, 195, 200, 211, 366, 381, 395, 487, 495]
[16, 39, 68, 126, 131, 174, 204, 231, 241, 344, 391, 452]
[29, 92, 122, 161, 190, 290, 438, 454, 456, 469, 472]
[4, 89, 114, 164, 222, 257, 315, 319, 358, 427]
[100, 130, 178, 182, 183, 198, 227, 302, 378, 444]
[32, 57]
[9, 19, 81, 209, 271, 276, 351, 369]
[3, 18, 40, 279, 318, 342, 450]
[6, 67, 235, 347, 388, 406, 408]
[104, 128, 171, 191, 339, 373, 396]
[44, 62, 208, 291, 313, 382, 491]
[250, 394, 404, 448, 478, 494]
[13, 127, 216, 253, 256, 446]
[146, 151, 328, 419, 435, 439]
[7, 91, 238, 286, 415, 486]
[98, 101, 203, 230, 280, 329]
[142, 224, 234, 237, 398, 420]
[52, 63, 145, 321, 368]
[5, 70, 115, 124, 337]
[245, 255, 357, 453, 500]
[119, 123, 201, 249, 334]
[11, 74, 165, 374, 410]
[262, 352, 386, 447, 458]
[21, 199, 213, 353, 463]
[1, 10, 137, 150, 421]
[144, 158, 172, 180, 332]
[31, 372, 455, 489, 429, 492]
[60, 61, 64, 214, 312]
[2, 14, 261, 325, 414]
[116, 192, 274, 387, 425]
[272, 285, 354, 443]
[80, 87, 117, 361]
[242, 314, 330, 402]
[20, 84, 228, 428]
[111, 156, 281, 299]
[15, 50, 113, 225]
[75, 135, 219, 418]
[283, 309, 336, 407]
[25, 97, 289, 295]
[417, 424, 473, 479]
[129, 326, 433, 475]
[26, 43, 45, 232]
[12, 28, 120, 298]
[42, 71, 96, 138]
[65, 324, 400, 451]
[186, 267, 323]
[83, 308, 341, 461]
[157, 210, 304, 477]
[296, 305, 307, 464]
[49, 197, 362, 462]
[82, 160, 320, 426]
[23, 76, 297, 365]
[86, 248, 434, 457]
[147, 371, 376, 380]
[46, 176, 181, 364]
[58, 79, 263, 333]
[112, 206, 292, 480]
[139, 220, 243, 412]
[170, 187, 465, 476]
[38, 69, 389, 403]
[22, 141, 246, 437]
[30, 47, 152, 422]
[148, 264, 294, 498]
[59, 196, 266, 278]
[247, 409, 460, 482]
[322, 416, 468, 471]
[162, 287, 440]
[118, 140, 185]
[490, 8]
[99]
[449]
