Variable Length Representation of Loading:
[90, 110, 153, 163, 194, 205, 240, 300, 355, 363, 370, 430, 441, 483, 484]
[32, 37, 185, 208, 209, 452, 494]
[57, 100, 187, 218, 364, 445]
[15, 79, 99, 424, 435, 492]
[24, 86, 102, 180, 271, 310, 439]
[130, 188, 236, 252, 256, 290, 309, 338, 419]
[11, 25, 55, 81, 109, 155, 189, 317, 436, 450]
[69, 215, 314, 402, 477]
[26, 184, 229, 286, 305, 396]
[95, 117, 121, 134, 212, 321, 346, 377, 389]
[39, 77, 219, 227, 405, 433, 491]
[40, 48, 103, 114, 116, 145, 174, 319, 342, 429]
[7, 60, 311, 320, 417, 495]
[78, 101, 132, 168, 175, 255, 257, 349, 421, 431, 454]
[36, 72, 91, 122, 128, 137, 395, 461]
[4, 19, 148, 239, 261, 330]
[44, 164, 193, 225, 270, 283, 366]
[126, 171, 192, 272, 316, 334, 379, 487]
[38, 107, 173, 361, 394, 414]
[76, 83, 156, 350, 358, 485]
[80, 133, 142, 166, 248, 253]
[35]
[89, 315]
[267, 274, 284, 318, 340, 367, 368, 392, 456]
[18, 42, 158, 245, 259, 406]
[17, 139, 143, 149]
[131, 159, 222, 265, 326, 354, 488, 489]
[43, 63, 93, 335, 376, 427, 458]
[191, 224, 250, 273, 331, 353, 416]
[34, 88, 125, 147, 181, 204, 231, 279, 293, 493]
[246, 329, 407, 437]
[2, 70, 308, 337, 356, 453]
[16, 47, 82, 96, 474, 496]
[51, 94, 169, 207, 233, 323, 373, 386, 448]
[8, 20, 73, 138, 178, 213]
[33, 41, 105, 196, 214, 235, 244, 268, 478]
[152, 313, 327, 344, 420, 440]
[58, 127, 186, 409, 500]
[12, 21, 66, 136, 232, 262]
[243, 276, 291, 383, 418, 428]
[197, 277, 382, 403, 443]
[71, 170, 302, 303, 372, 463]
[65, 292, 434, 460]
[97, 228, 304, 306, 465]
[54, 56, 108, 113, 380, 384, 408, 423, 438]
[23, 206, 312]
[3, 201, 301, 371, 432, 449]
[118, 120]
[106, 112, 123, 281, 345]
[67, 198, 234, 297, 332, 378]
[160, 167, 182, 264, 347, 369]
[28, 362]
[45, 64, 468, 479]
[62, 140, 176, 375, 393, 451]
[22, 129, 161, 258, 462, 490]
[27, 98, 179, 221, 238, 269, 295, 339]
[52]
[75, 85, 104, 220, 410, 459, 470]
[31, 237, 280, 325, 391, 397]
[46, 141, 150, 390, 442, 498]
[53, 68, 135, 210, 241, 275, 399, 455]
[30, 307, 328, 341]
[1, 49, 74, 154, 195, 324]
[59, 151, 387, 444, 464]
[119, 199, 226, 285, 401, 475]
[84, 216, 278, 357, 359, 481]
[6, 92, 165, 177, 217, 223, 260, 351, 425, 472]
[190, 242, 294, 374]
[5, 162, 289, 388, 480]
[9, 111, 251, 263, 336, 411]
[10, 61, 115, 200, 202, 211, 360, 381, 466]
[14, 29, 50, 144, 282, 296]
[13]
[87, 124, 254, 365, 404, 467, 486]
[343, 412, 415, 497, 499]
[333, 385, 400, 447]
[287, 322, 348, 352, 398]
[183, 203, 230, 298, 413, 476]
[157, 422, 469]
[247, 266, 288]
[457]
[473, 35]
