Variable Length Representation of Loading:
[41, 66, 73, 142, 266, 308]
[167, 202, 212, 217, 226, 244, 284, 288, 301, 303, 306, 340, 390]
[17, 33, 35, 37, 53, 56, 88, 136, 268, 431, 459, 466, 490]
[166, 218, 239, 275, 282, 293, 310, 317, 327, 413, 429, 492]
[55, 93, 125]
[54, 132, 177, 207, 236, 252, 259, 270, 360, 393, 397, 423, 485]
[90, 110, 153, 163, 194, 205, 240, 300, 355, 363, 370, 430, 441, 483, 484]
[24, 103, 173]
[27, 36, 94, 105, 154, 159, 313, 382, 491]
[72, 108, 179, 184, 316, 345, 359, 367, 474]
[48, 51, 77, 95, 155, 233, 335, 348, 349, 379, 405, 436, 445, 481, 496]
[34, 107, 133, 175, 193, 195, 200, 211, 366, 381, 395, 487, 495]
[16, 39, 68, 126, 131, 174, 204, 231, 241, 344, 391, 452]
[29, 92, 122, 161, 190, 290, 438, 454, 456, 469, 472]
[4, 89, 114, 164, 222, 257, 315, 319, 358, 427]
[100, 130, 178, 182, 183, 198, 227, 302, 378, 444]
[32, 57, 99, 102, 188, 189, 215, 229, 346]
[9, 19, 81, 209, 271, 276, 351, 369]
[3, 18, 40, 279, 318, 342, 450]
[6, 67, 235, 347, 388, 406, 408]
[104, 128, 171, 191, 339, 373, 396]
[44, 62, 208, 291, 168, 169, 223, 331, 375, 399, 470, 488]
[250, 394, 404, 448, 478, 494]
[13, 127, 216, 253, 256, 446]
[146, 151, 328, 419, 435, 439]
[7, 91, 238, 286, 415, 486]
[98, 101, 203, 230, 280, 329]
[52, 63, 145, 321, 368]
[5, 70, 115, 124, 337]
[245, 255, 357, 453, 500]
[119, 123, 201, 249, 334]
[11, 74, 165, 374, 410]
[262, 352, 386, 447, 458]
[21, 199, 213, 353, 463]
[1, 10, 137, 150, 421]
[144, 158, 172, 180, 332]
[31, 372, 455, 489, 499]
[60, 61, 64, 214, 312]
[2, 14, 261, 325, 414]
[116, 192, 274, 387, 425]
[272, 285, 354, 443]
[80, 87, 117]
[242, 314, 330]
[20, 84, 228, 428]
[281, 299, 362, 376]
[49, 50, 71, 457]
[138, 186, 287, 461]
[43, 196, 232, 498]
[38, 267, 305, 480]
[58, 82, 320, 409]
[59, 69, 152, 149, 350, 383]
[225, 278, 433, 437]
[15, 412, 468, 476]
[156, 187, 206, 219]
[289, 304, 323, 324]
[47, 79, 460, 475]
[333, 400, 418, 482]
[8, 25, 112, 120]
[147, 148, 292, 294]
[181, 298, 322, 336]
[210, 247, 296, 424]
[22, 46, 97, 464]
[129, 140, 141, 307]
[23, 26, 75, 111]
[170, 309, 389, 403]
[12, 402]
[113, 220, 243, 263]
[264, 283, 297, 326]
[371, 422, 465, 473]
[28, 30, 42, 45]
[65, 76, 83, 86]
[96, 135, 139, 160]
[162, 176, 185, 197]
[248, 295, 341, 364]
[365, 380, 407, 416]
[417, 426, 440, 449]
[462, 477, 479]
[224, 234, 237, 398, 420]
[361, 118, 246]
[251, 254, 260, 265, 273, 311, 338, 343, 356, 384, 392, 401]
[78, 85, 106, 109, 121, 134, 143, 157]
[221, 258, 269, 277, 377, 385, 411, 432, 442, 467, 493, 497]
[402]
[434, 451, 471]
