Variable Length Representation of Loading:
[90, 110]
[14, 73, 74, 111, 150, 174]
[63, 97, 124, 141, 173]
[38, 67, 123, 159, 329, 351]
[2, 3, 5, 32, 161, 177, 183]
[28, 133, 137, 149, 155, 167, 270, 352, 359, 469]
[88, 115, 170, 193, 216, 217, 235, 369]
[26, 172, 187, 192, 301, 390, 429]
[34, 41, 54, 55, 61, 169, 180, 189, 318, 393]
[39, 101, 114, 118, 214, 257, 303]
[27, 52, 71, 78, 82, 122, 212, 218, 275, 350, 472]
[69, 131, 151, 215, 231, 273, 311, 346, 394]
[21, 46, 81, 89, 144, 383]
[7, 11, 93, 120]
[49, 98, 125, 126, 222, 233, 266, 343, 345]
[105, 116, 145, 178, 225, 450, 470, 474]
[10, 36, 182, 220, 262, 319]
[24, 53, 68, 80, 95, 134, 146, 203, 399, 435, 492]
[12, 57, 121, 143, 157, 200, 221, 224, 244]
[60, 87, 152, 201, 236, 436]
[62, 72, 99, 175, 181, 210, 360]
[13, 18, 96, 139, 239, 254, 408]
[16, 17, 19, 25, 100]
[1, 50, 70, 91, 290, 349]
[23, 31, 106, 127, 190, 245]
[47, 84, 128, 198, 199, 276]
[20, 43, 85, 104, 207, 209, 241, 259]
[29, 59, 136, 166, 188, 253, 348, 406, 493]
[6, 129, 195, 219, 223, 228, 251]
[48, 56, 135, 160, 265, 272, 385]
[66, 79, 94, 109, 238, 252, 269, 347, 368]
[58, 64]
[75, 186, 230, 335, 373, 404]
[15, 86, 154, 250, 291, 452]
[30, 51, 117, 206, 317, 401, 445]
[8, 40, 44, 92, 208, 227, 405]
[9, 35, 83, 108, 142, 179, 184, 229, 375]
[22, 65, 103, 147, 168, 204, 260, 316]
[76, 77, 119, 132, 256, 258, 284, 396]
[4, 138, 156, 164, 171, 344, 459]
[33, 37, 112, 185, 191, 237, 413]
[140, 162, 165, 384, 397, 485, 496, 497]
[45, 197, 280, 310, 358, 446, 495]
[42, 176, 196, 234]
[113, 148, 213, 255]
[232, 242, 243, 246]
[247, 248, 249, 261]
[263, 264, 267, 271, 398]
[278, 279, 281, 282, 283, 423]
[285, 286, 287, 288, 289]
[292, 294, 298, 299]
[304, 305, 306, 307, 308]
[309, 312, 313, 314, 315]
[320, 321, 322, 323]
[324, 325, 326, 327, 328]
[330, 331, 332, 333, 334]
[336, 337, 338, 339, 340, 341]
[353, 354, 356, 357, 361, 372]
[362, 364, 365, 371]
[376, 377, 378, 379, 380, 381, 382]
[386, 387, 388, 389, 391]
[400, 402, 403, 407]
[409, 410, 411, 412, 448, 453]
[414, 415, 416, 417]
[418, 419, 420, 421, 422]
[424, 425, 426, 427, 432, 438]
[428, 433, 434, 447]
[437, 439, 440, 442, 443, 454]
[455, 456, 457, 458, 460]
[461, 462, 463, 464]
[465, 466, 467, 468, 471, 494]
[473, 477, 478, 479]
[158, 480, 481, 482, 486, 487, 488, 490]
[449, 489, 491]
[295, 475, 476, 500]
[296, 297, 366, 392, 431, 451]
[374]
[102, 268, 277, 367, 444]
[395]
[107, 130, 274, 302]
[202, 211, 226, 293, 342]
[153, 163, 194, 205, 240, 300, 355, 363, 370, 430, 441, 483, 484]
