Variable Length Representation of Loading:
[124, 145, 345, 350, 422, 441, 486]
[23, 84, 151, 183, 284, 311]
[24, 39, 119, 180, 391, 393, 419]
[56, 113, 125, 205, 254, 320, 359, 487]
[29, 155, 275, 330, 418, 424]
[40, 120, 138, 184, 313, 466]
[62, 110, 218, 225, 230, 362]
[96, 200, 257, 300, 469]
[2, 50, 88, 154, 326, 386, 454]
[42, 108, 196, 208, 221, 463, 471, 474]
[236, 302, 341, 384, 428, 484]
[18, 136, 262, 382, 397, 405]
[160, 167, 228, 235, 344, 365]
[43, 216, 314, 432, 438, 439, 447]
[80, 105, 172, 207, 290, 305, 368, 372]
[13, 19, 27, 139, 185, 367, 399]
[72, 127, 233, 258, 283, 358, 497]
[35, 47, 67, 287, 482]
[48, 261, 276, 394, 496]
[142, 190, 213, 263, 331, 377, 395]
[44, 51, 192, 197, 264, 329, 401]
[36, 289, 301, 317, 342, 366, 479]
[11, 45, 202, 322, 323, 396]
[140, 143, 269, 282, 346, 364, 498]
[30, 249, 251, 267, 298, 388, 407]
[12, 102, 116, 129, 256, 273, 333, 494]
[97, 161, 199, 209, 297, 304, 355, 430, 433]
[28, 75, 163, 215, 334]
[16, 156, 179, 182, 247, 280]
[38, 73, 132, 170, 176, 219, 312, 339, 451]
[69, 104, 153, 212, 348, 398, 425]
[7, 49, 242, 307, 315, 353, 404, 414]
[8, 92, 351, 360, 363, 442, 452, 488]
[90, 198, 241, 244, 255, 318, 325, 369, 370, 431, 477]
[93, 100, 168, 240, 336, 357]
[17, 123, 173, 294, 327]
[41, 57, 63, 94, 135, 332, 352]
[133, 181, 232, 309, 416, 417, 468, 478]
[3, 25, 58, 66, 473, 476, 483]
[15, 68, 76]
[224, 245, 296, 337, 383, 406, 462]
[37, 61, 78, 229, 246, 277, 278, 420]
[99, 109, 206, 354, 378, 446, 500]
[77, 220, 227, 379, 387, 448, 475, 499]
[91, 188, 310, 371, 436]
[121, 131, 164, 193, 288, 434, 491]
[32, 98, 159, 265, 390, 408, 445]
[70, 85, 89, 237, 250]
[4, 217, 239, 285, 321, 340, 349, 449]
[31, 53, 144, 147, 166, 328, 374, 400]
[33, 137, 157, 191, 303, 411, 489]
[195, 201, 223, 253, 281, 306, 375]
[6, 130, 293, 443, 457, 467, 492]
[14, 103, 149]
[1, 177, 271, 380, 458, 470, 485]
[74, 79, 118, 175, 435]
[86, 112, 117, 150, 453, 480]
[46, 60, 101, 114, 222, 461, 472, 495]
[64, 111, 128, 146, 292, 409, 410, 490]
[9, 10, 34, 148, 210, 423, 426]
[20, 26, 211, 260, 268, 389]
[107, 122, 178, 204]
[54, 95, 171, 186, 187, 266, 316, 493]
[21, 22, 158, 174, 189, 274, 427]
[55, 252, 335, 347, 381]
[106, 115, 134, 165, 259, 392, 437, 481]
[152, 162, 319, 373, 421, 429]
[203, 226, 272, 299, 343, 356, 376, 385, 413]
[65, 87, 141, 295, 412, 450]
[52, 59, 82, 83, 126, 324, 456]
[5, 81, 234, 248, 460, 465]
[286, 338, 415, 440, 455]
[71, 243, 279, 361, 444]
