Variable Length Representation of Loading:
[42, 325, 389, 430, 445, 451, 470]
[22, 26, 53, 176, 197, 205, 208, 299, 342]
[100, 116, 128, 201, 224, 293]
[61, 90, 109, 121, 125, 131, 404]
[85, 119, 220, 230]
[29, 51, 70, 111, 386]
[73, 329, 396, 432]
[71, 108, 174, 291, 330, 420]
[30, 82, 98, 107, 129, 370, 481]
[21, 47, 93, 150, 168, 275, 288]
[95, 134]
[57, 80, 86, 148, 158, 358]
[6, 36, 124, 167, 188, 214, 311]
[38, 45, 50, 68, 138, 225, 437, 458]
[23, 154, 177, 200, 203, 219, 253, 279, 383]
[13, 58, 113, 211, 289, 331]
[2, 89, 172, 175, 223, 339, 425]
[65, 72, 104, 226, 410]
[7, 66, 75, 83, 120, 212, 235, 387]
[33, 123, 195, 239, 296, 368, 405]
[127, 135, 139, 156, 162, 173, 237, 280]
[15, 81, 199, 248, 373, 482]
[10, 84, 140, 276, 380]
[59, 126, 265, 362]
[132, 142, 187, 281, 302, 309]
[37, 44, 180, 193, 247, 284, 486]
[1, 18, 99, 166, 414, 474]
[8, 11, 49, 52, 147, 184, 232, 478]
[16, 27, 87, 169, 210, 376, 440]
[101, 115, 213, 271, 397]
[40, 67, 77, 94, 103, 157, 207, 384]
[62, 159, 178, 185, 301]
[9, 60, 97, 186, 315, 327]
[32, 43, 46, 74, 122, 130, 149, 426, 435, 444]
[4, 20, 35, 96, 144, 146, 191]
[69, 88, 114, 196, 204, 209, 246]
[14, 41, 145, 194, 251, 341]
[24, 55, 76, 78, 137, 181, 263, 348, 450]
[3, 118, 286, 354, 411]
[31, 160, 163, 222, 355]
[105]
[28, 54, 102, 164, 294, 328, 498]
[12, 155, 215, 269, 287, 326, 408]
[34, 56, 143, 151, 268]
[48, 198, 228, 346, 353, 424]
[5, 19, 192]
[25, 63, 64, 112, 117, 133, 136]
[79, 141, 153, 165]
[39, 170, 171, 202, 321]
[110, 183, 206, 221, 385, 443]
[92, 106, 152, 161, 238, 290]
[189, 227, 229]
[231, 233, 234]
[240, 244, 249, 250]
[254, 255, 256, 257, 258, 264]
[259, 260, 261, 262, 320]
[266, 267, 270, 272]
[274, 277, 278, 305, 313]
[282, 283, 285, 347]
[292, 295, 297, 298, 468]
[300, 303, 308, 312]
[304, 306, 307, 310]
[316, 317, 318, 323, 336, 352, 417]
[319, 322, 324, 343]
[332, 333, 337, 350, 400]
[334, 335, 338, 422, 457]
[344, 345, 349, 351, 356]
[357, 359, 360, 361]
[363, 364, 365]
[366, 367, 369, 406]
[371, 372, 374]
[375, 377, 378, 379]
[381, 382, 388, 390, 431]
[391, 392, 393, 394, 395]
[398, 399, 401, 402, 403]
[409, 412, 413, 415]
[416, 418, 419, 436, 493]
[423, 427, 428, 429, 442, 448, 449]
[433, 434, 438, 439]
[441, 453, 454, 455]
[218, 245]
[464, 465, 466, 467, 469]
[179, 460, 471, 485, 487, 490]
[472, 476, 479]
[17, 480, 483, 484, 492, 495]
[488, 489, 491]
[243, 494, 496, 497]
[91, 452, 499, 500]
[216, 236, 241, 477]
[446, 447, 459]
[182, 242, 461, 473]
[190, 217, 314, 407]
