Variable Length Representation of Loading:
[71, 102, 167, 292, 420, 423]
[92, 116, 197, 361, 379, 477]
[52, 165, 229, 324, 443]
[13]
[82, 99, 127, 154, 355, 381]
[181, 185, 227, 344, 458]
[94, 251, 258, 315, 404]
[49, 255, 275, 365, 380, 422, 454]
[86, 88, 93, 206, 318, 364]
[39, 89, 148, 247, 338, 417, 457]
[11, 69, 95, 97, 152, 176, 447]
[180, 191, 245, 303, 412]
[78, 215, 291, 293, 309, 332, 429, 498]
[5, 107, 175, 238, 243, 478]
[70, 108, 283, 376, 441]
[73, 134, 208, 357, 386, 452]
[53, 104, 200, 262, 389, 415, 440]
[8, 351, 372, 377, 459, 495]
[122, 130, 295, 348, 433, 487]
[41, 288, 342, 369, 468]
[33, 119, 149, 222, 300, 362]
[40, 75, 143, 171, 296, 419]
[7, 141, 207, 326, 375]
[85, 124, 286, 289, 345, 463]
[72, 307, 331, 335, 384, 385, 474]
[9, 46, 142, 211, 472, 491]
[160, 209, 320, 456]
[131, 214, 252, 398, 436]
[31, 34, 159, 174, 306]
[111, 246, 311, 368, 388, 400]
[20, 126, 241, 353, 473, 497]
[113, 135, 138, 198, 259, 428, 465, 470]
[1, 25, 37, 201, 223, 336]
[15, 76, 101, 232, 264, 393, 475]
[3, 19, 63, 132, 210, 248, 455]
[32, 43, 146, 469, 488]
[145, 150, 168, 205, 230, 432, 485, 493]
[221, 224, 265, 427, 467]
[2, 18, 121, 125, 203, 431]
[36, 62, 106, 115, 212, 237]
[334, 383, 395, 445, 451, 483]
[21, 117, 129, 239, 316, 323, 387, 390, 438]
[83, 173, 216, 367, 392]
[12, 17, 244, 297, 358, 378, 425]
[68, 84, 112, 140, 194, 213]
[61, 109, 178, 294, 402, 481]
[23, 123, 279, 366, 403, 464]
[45, 64, 188, 284, 408, 411, 424]
[38, 57, 80, 177, 235, 328]
[254, 256, 287, 313, 406, 434]
[179, 220, 234, 340, 347, 370, 399]
[100, 278, 329, 401, 426, 439]
[58, 90, 110, 273, 480]
[22, 47, 67, 346, 416]
[6, 30, 136, 261, 282, 407, 437, 448]
[55, 59, 156, 204, 312, 410]
[147, 218, 322, 330, 494]
[50, 184, 187, 253, 301, 327, 492]
[79, 103, 114, 164, 281, 391]
[28, 35, 157, 249, 421]
[166, 233, 396, 405, 466]
[96, 163, 268, 310, 317, 363]
[144, 161, 250, 272, 337]
[202, 280, 321, 349, 499]
[54, 267, 382, 413, 418]
[65, 87, 199, 266, 270]
[44, 128, 172, 183, 489]
[56, 133, 277, 352, 373, 444, 449]
[42, 231, 271, 325, 354]
[77, 169, 195, 276, 305, 394]
[16, 118, 263, 359, 371]
[4, 26, 120, 196, 226, 319, 453]
[190, 217, 299, 343, 374, 484]
[48, 66, 186, 193, 333, 450]
[170, 298, 339, 350, 461]
[60, 162, 182, 409, 414]
[51, 105, 471, 486]
[137, 236, 257, 260, 302, 308]
[81, 274, 285, 446]
[24, 27, 225, 228, 242, 500]
[139, 155, 240, 360, 442, 482]
[189, 219, 435, 476, 479]
[29, 151, 158, 192, 314, 496]
[98, 356, 430, 490]
[10, 290, 341, 397, 460, 462]
