Variable Length Representation of Loading:
[155, 160, 203, 251, 408, 426]
[50, 124, 128, 132, 211, 215, 219, 291]
[53, 71, 102, 104, 107, 196, 261, 274]
[115, 277, 302, 342, 443]
[12, 78, 131, 280, 293, 417]
[20, 106, 286, 328, 490]
[23, 28, 54, 109, 201, 242, 267]
[30, 77, 156, 206, 214, 220, 230, 271]
[76, 83, 93, 200, 221, 327]
[43, 80, 105, 199, 209]
[85, 133, 157, 178, 347]
[47, 99, 112, 185, 204, 289, 387]
[4, 8, 48, 121, 135, 152, 172, 452]
[61, 161, 162, 252, 431, 457]
[158, 188, 103, 140, 175, 210, 278]
[29, 31, 90, 145, 154, 164, 176, 198, 355]
[27, 32, 44, 95, 287, 326]
[5, 108, 137, 373]
[60, 120, 123, 146, 301]
[15, 82, 84, 150, 163, 208, 497]
[22, 174, 184, 294, 329, 411]
[16, 59, 114, 169, 182, 269, 339]
[21, 35, 36, 62, 100, 139]
[1, 11, 37, 92, 138, 168, 343]
[2, 73, 167, 281, 321]
[6, 56, 144, 217, 225, 353]
[3, 224, 270, 288]
[9, 25, 26, 63, 125, 195, 205, 250]
[55, 58, 70, 111, 142, 315]
[7, 42, 69, 218, 276, 424]
[14, 86, 98, 222, 385]
[49, 88, 116, 117, 118, 213]
[67, 74, 89, 130, 136, 149, 232, 386, 434, 493]
[57, 65, 153, 170, 458]
[10, 45, 180, 216, 325]
[72, 87, 171, 173, 194, 473]
[13, 17, 18, 75, 127, 134, 148, 212, 335, 422]
[97, 159, 165, 177, 475]
[126, 166, 179, 306]
[24, 51, 119, 186, 189, 239]
[64, 68, 228, 244, 246, 248]
[101, 122, 129, 151, 187, 247, 384, 451]
[33, 34, 41, 96, 113, 147]
[19, 94, 207, 223, 255, 382]
[38, 46, 141, 191, 202, 341]
[79, 81, 190, 308, 474]
[39, 40, 66, 183, 229, 241]
[91, 110, 192, 237]
[231, 233, 245, 314, 320]
[234, 235, 236, 238, 260, 275]
[240, 243, 249, 253, 263, 279]
[254, 256, 257, 258, 331]
[259, 262, 264, 265]
[266, 268, 272, 273, 290]
[282, 283, 284, 285, 310, 311]
[292, 295, 296, 297, 307, 351]
[298, 299, 300, 303, 313]
[304, 305, 309, 312]
[316, 317, 318, 323, 330, 448]
[319, 322, 324, 336, 337]
[332, 333, 334, 345, 383]
[338, 340, 344, 346, 425]
[348, 349, 350, 352, 354, 410]
[356, 357, 358, 366]
[359, 360, 361, 362, 368, 370, 380, 407]
[363, 364, 365]
[367, 369, 371, 421, 450]
[372, 374, 375]
[376, 377, 378, 379, 432]
[381, 388, 389, 390, 395]
[391, 392, 393, 394, 400, 449]
[396, 397, 398, 399, 401, 403]
[402, 404, 405, 406, 415]
[181, 409, 412, 413, 414]
[416, 418, 419, 420]
[423, 427, 428, 429, 436, 477]
[430, 433, 435, 437, 438]
[226, 439, 440, 441, 442, 445]
[446, 447, 453, 460]
[454, 455, 456, 459]
[461, 462, 463, 467, 470, 478]
[193, 464, 465, 466, 468, 469]
[471, 472, 476]
[479, 480, 481, 484, 486]
[444, 482, 483, 485, 487]
[488, 489, 491, 492]
[143, 197, 494, 495, 496, 498]
[52, 227, 499, 500]
