Variable Length Representation of Loading:
[157, 262, 268, 320, 331, 406]
[84, 145, 191, 298, 391, 414]
[70, 104, 164, 172, 202]
[105, 128, 190, 271, 478]
[76, 81, 113, 161, 195, 272, 327, 343]
[121, 288, 325, 332, 339]
[61, 237, 238, 278]
[65, 151, 156, 186, 189, 196, 311]
[77, 224, 341, 354, 403, 448, 480]
[36, 118, 198, 449, 466, 475, 492]
[23, 88, 107, 171, 282]
[67, 285, 315, 346, 461]
[28, 29, 66, 127, 150, 312, 481]
[109, 137, 183, 226, 319, 337]
[214, 227, 248, 329]
[27, 123, 210, 232, 236, 345, 407]
[201, 287, 348, 452]
[3, 91, 108, 360, 389]
[16, 219, 275, 321, 328, 447, 473]
[11, 24, 323, 324, 468, 489]
[71, 80, 92, 167, 197, 199, 310, 431]
[87, 130, 316, 335, 439]
[44, 165, 185, 218, 242, 257, 265]
[152, 192, 249, 284, 419]
[106, 203, 295, 362]
[14, 178, 230, 330, 380, 460]
[35, 83, 135, 143, 463]
[9, 101, 359, 427]
[30, 32, 75, 97, 98, 141, 154, 228, 294]
[95, 144, 204, 267, 276, 279]
[40, 55, 129, 179, 208, 216, 253, 373, 429]
[12, 47, 90, 307, 351]
[140, 163, 215, 326, 471]
[46, 68, 176, 225, 342, 422]
[17, 136, 139, 160, 261, 308, 357]
[74, 146, 213, 289, 291, 401, 467]
[33, 103, 148, 264, 283, 387, 409, 487]
[119, 120, 187, 200, 273, 394]
[174, 217, 293, 353, 378, 417, 483]
[15]
[49, 89, 100, 153, 374]
[19, 85, 364, 455]
[42, 96, 117, 349, 377, 443]
[134, 233, 299, 382, 420, 435, 474]
[34, 53, 78, 155, 263, 338]
[147, 344, 372, 388]
[56, 64, 69, 79]
[41, 296, 371, 408, 488]
[86, 93, 138, 356, 469]
[222, 229, 252, 458, 493]
[10, 26, 131, 142, 149, 207, 250, 440]
[60, 303, 358, 413]
[54, 102, 246, 251, 445]
[39, 193, 395, 457, 484]
[243, 399, 423, 434]
[57, 188, 297, 302, 442, 464]
[7, 18, 281, 301, 370, 433]
[73, 175, 247, 322, 334]
[20, 132, 256, 269, 274]
[231, 234, 244, 366, 379]
[25, 259]
[158, 304, 340, 416, 451]
[4, 58, 482, 499]
[94, 115, 181, 241, 355]
[72, 116, 122, 396, 397, 400, 402]
[8, 63, 173, 240, 270, 405]
[6, 112, 162, 280, 347, 386, 411, 477]
[124, 266, 286, 314, 497]
[5, 21, 31, 182, 365]
[82, 180, 309, 368, 384, 385, 479]
[48, 50, 159, 166]
[1, 111, 168, 290, 418]
[37, 114, 392, 425, 441, 462, 486]
[110, 245, 255, 376, 415, 437]
[62, 306, 318, 352, 456]
[59, 169, 220, 223, 404]
[333, 367, 383, 446]
[170, 184, 205, 239, 258, 444, 470]
[177, 317, 398, 500]
[43, 432, 454, 472]
[125, 126, 206, 277, 424]
[2, 13, 38, 300, 363]
[194, 221, 254, 450, 495]
[22, 211, 369, 438, 498]
[51, 133, 209]
[52, 235, 412, 430]
[260, 292, 336, 361, 428, 436]
[476, 485, 494, 496]
[459, 490]
