Variable Length Representation of Loading:
[37, 38, 58, 122, 158, 354, 389]
[7, 8, 28, 74, 113, 310, 323, 413, 450]
[1, 21, 133, 136, 144, 161, 169, 270, 451]
[31, 119, 135, 202, 225, 302, 342, 457, 468]
[36, 82, 83, 120, 271, 293, 443, 470]
[61, 63, 145, 152, 195, 205, 362, 390, 487]
[69, 114, 187, 204, 321, 404, 431, 486, 498]
[20, 26, 71, 72, 90, 132, 203, 224, 485]
[44, 78, 96, 134, 193, 226, 378]
[29, 84, 281, 286, 355, 417, 421]
[55, 81, 89, 206, 228, 244, 318, 415, 458]
[76, 103, 104, 174, 177, 258, 419]
[67, 68, 77, 97, 109, 139, 166, 181, 269]
[40, 112, 117, 175, 218, 279, 382, 393, 497]
[127, 130, 153, 180, 185, 230, 245, 330]
[42, 98, 208, 220, 276, 339, 373, 437]
[11, 164, 182, 210, 232, 253, 294, 337, 445]
[146, 186]
[80, 149, 168, 247, 317]
[46, 151, 173, 261, 290, 385, 414, 467, 492]
[53, 116, 125, 252, 386, 396, 420, 481]
[33, 45, 65, 263, 267, 301, 311, 463]
[213, 287, 296, 326, 384, 400, 425, 452, 465]
[24, 128, 138, 171, 251, 297, 403, 422, 426]
[27, 52, 172, 197, 199, 343, 405, 429, 440]
[102, 121, 154, 315, 350, 428, 442, 449, 478]
[4, 156, 191, 215, 348, 351, 368, 460, 475]
[13, 131, 147, 238, 320, 340, 358, 360, 466]
[23, 162, 183, 200, 212, 268, 328, 370, 477]
[57, 70, 217, 242, 275, 314, 331, 345, 380]
[16, 17, 18, 93, 325, 383, 397, 484]
[30, 196, 260, 283, 379, 401, 434, 474]
[148, 157, 201, 278, 327, 406, 493]
[22, 66, 115, 124, 299, 432, 448, 473]
[32, 118, 142, 163, 248, 347, 387, 407, 495]
[9, 15, 176, 207, 237, 392, 410, 455]
[6, 14, 50, 62, 75, 150, 255, 408]
[211, 241, 273, 308, 411, 490]
[43, 87, 88, 123, 129, 167, 313, 352, 435]
[179, 194, 235, 291, 341, 353, 436]
[246, 288, 366, 447]
[198]
[250, 265, 335, 394]
[49, 249, 441, 480]
[41, 94, 289, 491]
[35, 54, 309, 334]
[56, 108, 137, 184]
[140, 298, 307, 312]
[159, 376, 388]
[216, 229, 416]
[234, 280, 483]
[86, 316, 402]
[160, 214, 284, 305, 496]
[356, 361, 395]
[295, 398, 399]
[322, 439, 453]
[19, 110, 222]
[306, 344, 427]
[39, 423, 446]
[105, 107, 462]
[111, 243, 277]
[319, 363, 377]
[95, 438, 489]
[262, 324, 433]
[99, 369, 494]
[332, 357, 471]
[359, 372, 482]
[272, 409, 469]
[2, 371, 464]
[10, 34, 499]
[85, 100, 188]
[5, 292, 430]
[25, 48, 454]
[92, 141, 170]
[190, 233, 285]
[189, 300, 472]
[231, 333, 476]
[47, 338]
[51, 374, 412]
[60, 106, 375]
[3, 459, 461]
[12, 59, 479]
[64, 73, 79]
[91, 101, 126]
[143, 155, 165]
[178, 192, 221]
[223, 227, 240]
[254, 256, 259]
[266, 274, 282]
[303, 304, 349]
[365, 367, 381]
[391, 418, 456]
[488, 500]
[219, 239, 257, 264, 336, 346, 424]
[444]
[364]
[209, 236, 329]
