Variable Length Representation of Loading:
[92, 110, 171, 324]
[346, 355, 391, 425, 459, 474]
[78, 138, 199, 207, 208, 320, 343, 393, 411, 436, 491]
[7, 344, 416, 439]
[21, 35, 122, 164, 202, 243, 489]
[79, 146, 205, 337, 379, 441]
[19, 30, 69, 142, 292, 302, 431]
[29, 52, 132, 471, 500]
[11, 55, 93, 119, 172, 296, 364, 383, 493]
[22, 49, 84, 107, 203]
[13, 23, 44, 77, 158, 215, 250, 295]
[378, 409, 437, 482]
[38, 112, 165, 270, 286, 490]
[89, 100, 309, 311, 318, 358]
[24, 39, 124, 173, 446, 492]
[133, 144, 234, 240, 326, 401]
[14, 17, 185, 285, 310, 348, 455, 498]
[4, 184, 258, 341, 483, 486]
[90, 134, 245, 313, 327, 376, 458]
[103, 198, 259, 434, 497]
[18, 26, 95, 121, 288, 386, 466]
[72, 260, 359, 374, 382]
[12, 98, 293, 494]
[48, 66, 130, 136, 297, 299, 362, 478]
[43, 125, 239, 289, 421, 422, 464]
[254, 304, 350, 404, 487]
[151, 204, 226, 227, 372]
[109, 127, 272, 273, 332, 370, 435]
[278, 408, 418, 472, 475]
[155, 388, 417, 488]
[96, 123, 156, 213, 228, 360, 368, 467]
[120, 235, 237, 300, 334, 426]
[47, 115, 149, 162, 223]
[6, 50, 114, 212, 216, 244, 284]
[25, 56, 76, 255, 338, 448]
[10, 319, 387, 499]
[81, 104, 220, 303, 375, 465]
[3, 148, 195, 269, 294, 361]
[5, 58, 179, 312]
[187, 191, 252, 316, 385, 484]
[83, 99, 274, 392, 495]
[62, 183, 330, 365, 389, 396]
[41, 105, 214, 219, 268]
[60, 189, 248, 460]
[128, 194, 210, 266, 287, 339, 345]
[42, 154, 377, 438, 444]
[166, 180, 201, 230, 242, 253, 257, 397]
[2, 86, 197, 280]
[28, 91, 262, 354]
[16, 33, 82, 145, 236, 381, 468]
[8, 64, 113, 135, 331, 369]
[163, 170, 315, 325]
[131, 161, 190, 403, 430]
[9, 32, 307, 456, 473, 481]
[61, 73, 80, 167, 353, 485]
[46, 160, 317, 433]
[36, 126, 139, 246, 462]
[157, 264, 277, 281, 440]
[168, 176, 424, 463, 496]
[34, 137, 224, 238, 357]
[117, 271, 329, 335, 476]
[70, 75, 102, 116, 150, 193, 342, 445]
[20, 233, 394, 398]
[68, 94, 249, 298]
[118, 209, 282, 400]
[1, 27, 178, 196, 279, 452]
[87, 108, 267, 305, 384, 447]
[290, 371, 395, 402]
[221, 367, 454]
[129, 218, 322, 340, 477]
[111, 263, 453, 461]
[45, 101, 241, 291, 420, 443]
[74, 256, 380, 412, 413]
[31, 63, 352, 414, 428, 469, 480]
[152, 229, 356, 405, 406]
[51, 53, 85, 169, 186, 470]
[217, 323, 390, 399, 407, 410, 442]
[188, 231, 308, 314, 451]
[265, 276, 349, 366]
[54, 97, 140, 181, 211]
[65, 147, 159, 222, 275]
[40, 106, 141, 175, 415]
[192, 232, 247, 301, 306]
[88, 261, 333, 336, 351, 427]
[57, 67, 71, 153, 182, 251, 283]
[15, 37, 200, 347, 429, 479]
[206, 225, 321, 373, 419, 432, 449, 450]
[143, 363, 423, 457]
[59, 174, 177, 328]
