Variable Length Representation of Loading:
[37, 38, 58, 122, 158, 354, 389]
[59, 67, 70, 109, 114, 133, 191, 196, 220, 278]
[11, 77, 100, 148, 189]
[1, 10, 26, 79, 167, 174, 175]
[57, 118, 134, 163, 169, 205]
[29, 56, 115, 121, 215, 237]
[129, 170, 195, 226, 252]
[117, 125, 156, 172, 199, 213, 219, 245, 248, 437]
[2, 19, 30, 97, 223]
[14, 20, 98, 126, 211]
[18, 73, 162, 184, 222]
[31, 71, 132, 136, 178, 193]
[47, 66, 84, 101, 144, 279]
[3, 17, 180, 190]
[51, 107, 166, 177]
[104, 155, 160, 271]
[44, 74, 131, 182, 202, 235, 373]
[32, 41, 88, 141, 443]
[4, 13, 50, 61, 86, 228, 445]
[46, 52, 62, 128, 183, 208, 268]
[40, 43, 81, 82, 113, 147, 201, 204, 232, 270]
[53, 91, 154, 179, 192, 200]
[8, 35, 54, 65]
[111, 130, 149, 221, 238, 353]
[5, 24, 85, 171, 314]
[42, 102, 120, 140, 153, 185, 225, 244]
[9, 34, 72, 124, 127, 139, 151, 194]
[68, 116, 138, 159, 197, 217, 341]
[12, 36, 103, 187, 198, 239, 330]
[22, 95, 157, 209]
[6, 186, 188, 218, 387]
[63, 80, 94]
[15, 28, 96, 108, 475]
[33, 135, 164, 165, 229, 323]
[16, 25, 76, 173, 267, 417]
[90, 92, 145, 203, 207, 212, 224, 384, 495]
[7, 49, 83, 168, 327]
[23, 64, 89, 152, 214, 444]
[27, 69, 142, 143, 181, 251]
[21, 48, 87, 123, 150, 161, 210, 452]
[39, 45, 55, 106, 227]
[60, 93, 137, 230, 331]
[110, 176, 216, 231]
[233, 234, 236, 242]
[240, 241, 243, 253, 255, 435]
[246, 247, 249, 250, 346]
[254, 256, 257, 258, 263, 264]
[259, 260, 261, 262, 297, 436]
[265, 266, 277, 382]
[272, 273, 280, 289]
[274, 275, 276, 281, 299, 339]
[282, 283, 284, 290, 291, 313]
[285, 286, 287, 288, 298]
[292, 293, 294, 295, 296]
[300, 301, 302, 303]
[304, 305, 306, 310, 386]
[307, 308, 309, 312, 474]
[315, 316, 317, 318]
[319, 320, 322, 326]
[324, 325, 328, 329, 385]
[332, 333, 334, 473]
[335, 336, 337, 338, 340]
[342, 343, 344, 345, 347, 348]
[349, 350, 351, 352, 355, 356, 368]
[357, 358, 359, 360, 383, 411]
[361, 362, 363, 364]
[365, 366, 367]
[369, 370, 371, 372]
[374, 375, 376]
[377, 378, 379, 380, 381]
[388, 390, 391, 392, 393, 408, 451]
[394, 395, 396, 397, 401, 403]
[398, 399, 400, 402]
[404, 405, 406, 407, 409]
[412, 413, 414, 415, 416]
[418, 419, 421, 422, 423]
[424, 425, 426, 427, 428, 429, 434]
[430, 431, 432, 433]
[438, 439, 440, 441, 442]
[446, 447, 448, 449, 450, 453]
[454, 455, 456, 458]
[459, 460, 461, 467]
[462, 463, 464, 465, 466, 468]
[469, 470, 471, 472]
[476, 477, 478, 479, 484]
[480, 481, 482, 483]
[485, 486, 487, 488, 489]
[490, 491, 492, 493, 494]
[269, 457, 496, 497, 498, 499]
[105, 119, 146, 420, 500]
[75, 78, 112, 206]
