Variable Length Representation of Loading:
[1, 5, 22, 23, 52, 55, 75, 99, 115, 120, 134, 142, 151, 220]
[26, 149, 243, 257, 297, 299, 311, 334, 351, 361, 381]
[4, 15, 30, 65, 69, 71, 207, 212, 259, 310, 392, 425, 440, 445, 481, 489]
[8, 21, 271, 294, 346, 412, 414, 432, 483, 500]
[28, 87, 104, 128, 174, 206, 273, 295, 298, 335, 378, 435, 488]
[12, 27, 42, 97, 121, 300, 386, 390, 439, 452, 482, 490, 497]
[19, 106, 130, 179, 268, 328, 329, 332, 363, 401, 429, 487, 495]
[56, 59, 111, 116, 119, 138, 139, 178, 196, 249, 251, 369]
[60, 63, 81, 163, 167, 387, 397, 480, 494]
[40, 191, 213, 307, 316, 327, 362, 410, 419, 433, 449, 478]
[92, 235, 247, 296, 304, 319, 413, 457, 458]
[164, 166, 202, 221, 333, 348, 420, 423, 451]
[190, 194, 234, 315, 321, 339, 356, 374, 418]
[16, 48, 131, 169, 192, 233, 260, 267, 284, 305, 308, 417]
[35, 53, 54, 95, 102, 368, 408, 437, 446, 450]
[18, 49, 68, 127, 165, 238, 244, 367, 415, 426, 460]
[33, 44, 76, 103, 132, 183, 227, 250, 283, 462]
[90, 239, 240, 331, 337, 364, 365, 384, 396, 475]
[13, 107, 189, 193, 277, 306, 323, 366, 376, 404, 496]
[10, 64, 88, 144, 157, 168, 177, 181, 454, 466, 479, 493]
[46, 73, 84, 373, 430, 448, 470]
[17, 25, 108, 203, 209, 222, 254, 264, 344, 436, 461]
[6, 74, 94, 126, 146, 184, 258, 293, 320, 354]
[3, 9, 93, 201, 205, 214, 263, 314, 341]
[38, 125, 129, 185, 231, 269, 325, 358, 389, 421]
[80, 161, 210, 285, 312, 360, 375, 416, 467]
[50, 182, 224, 225, 253, 403, 409, 476, 486]
[20, 29, 41, 135, 262, 278, 343, 355, 424]
[51, 66, 148, 171, 198, 276, 347, 474]
[47, 57, 114, 152, 159, 279, 394, 395]
[89, 100, 101, 215, 219, 383, 399, 406]
[86, 147, 154, 241, 246, 303, 371, 455]
[137, 186, 197, 272, 324, 357, 388, 434]
[79, 105, 112, 113, 275, 282, 463]
[117, 232, 317, 342, 359, 393, 484]
[24, 162, 340, 447, 468, 472, 499]
[36, 37]
[96, 123, 153, 248, 274, 288, 438]
[58, 173, 256, 286, 302, 443, 469]
[83, 145, 158, 265, 301, 352, 422]
[72, 160, 318, 442, 485, 491, 492]
[236, 242, 338, 353, 385, 471, 473]
[61, 109, 156, 229, 379, 398]
[14, 133, 141, 349, 465, 498]
[43, 78, 110, 261, 322, 330]
[77, 82, 124, 172, 187, 313]
[11, 122, 211, 290, 326, 382]
[31, 270, 309, 380, 400, 411]
[45, 140, 143, 188, 218, 336]
[155, 217, 280, 292, 370, 464]
[136, 150, 180, 223, 441, 456]
[70, 85, 176, 289, 391, 477]
[67, 170, 230, 252, 377, 453]
[34, 175, 226, 291, 345, 405]
[2, 7, 32, 118, 204, 266]
[91, 98, 195, 255, 428, 459]
[228, 237, 281, 287, 372, 431]
[62, 208, 216, 350, 407, 444]
[199]
