Variable Length Representation of Loading:
[13, 14, 47, 57, 156, 181, 203, 205, 354, 370, 387, 437]
[33, 115, 150, 157, 175, 185, 210, 261, 300, 413, 479]
[52, 56, 95, 96, 112, 128, 136, 315, 319, 365]
[34, 40, 63, 66, 79, 92, 284, 472, 475]
[50, 153, 164, 251, 263, 427, 432, 471, 497]
[31, 36, 93, 94, 172, 214, 258, 268, 278, 305, 324, 338, 372]
[2, 222, 242]
[8, 110, 127, 162, 200, 224, 232, 412, 415, 481]
[100, 126, 151, 176, 219, 243, 406, 423, 435, 487]
[27, 103, 122, 178, 245, 259, 286, 308, 395, 446, 464]
[4, 6, 59, 61, 90, 158, 160, 235, 364, 480]
[3, 22, 37, 55, 102, 165, 223, 239, 244, 248, 285, 449, 500]
[43, 54, 154, 257, 269, 270, 274, 325, 401, 433, 482, 492]
[76, 119, 146, 177, 182, 229, 281, 332, 389]
[9, 75, 143, 201, 204, 209, 237, 306, 393, 474, 477]
[58, 86, 130, 135, 168, 171, 197, 241, 249, 255, 256, 452]
[17, 69, 89, 133, 179, 250, 262, 279, 288, 329, 391, 451]
[35, 73, 183, 190, 208, 236, 283, 299, 301, 340, 385, 408]
[23, 24, 166, 273, 296, 311, 323, 394, 443]
[15, 64, 87, 111, 113, 142, 353, 357, 379, 418, 465]
[11, 45, 46, 70, 81, 132, 149, 187, 247, 396, 416, 421, 441, 453]
[7, 10, 67, 97, 120, 124, 169, 170, 436, 442, 450, 458, 459]
[5, 38, 84, 85, 91, 129, 140, 155, 193, 215, 331, 347, 400]
[39, 134, 138, 173, 342, 361, 467, 496]
[20, 62, 68, 234, 253, 344, 414, 422, 439, 463, 476]
[28, 104, 144, 163, 189, 265, 312, 336, 358]
[25, 114, 152, 184, 252, 264, 282, 345, 484, 498]
[78, 82, 101, 116, 186, 192, 228, 295, 343, 348, 371, 448]
[26, 29, 48, 65, 108, 212, 230, 260, 405, 428, 447, 462, 466, 470]
[105, 145, 161, 174, 211, 304, 321, 368, 381, 426, 473]
[21, 118, 206, 280, 289, 310, 316, 317, 333, 410, 411, 478]
[51, 88, 290, 334, 337, 362, 378, 397, 454]
[18, 198, 226, 254, 271, 307, 339, 388, 461]
[107, 123, 202, 220, 221, 231, 246, 277, 309, 404, 444]
[44, 139, 147, 180, 199, 240, 276, 377, 425, 456]
[1, 30, 71, 72, 80, 266, 318, 363]
[32, 99, 106, 121, 141, 188, 196, 302, 322, 380, 429]
[60, 74, 227, 267, 275, 367, 376, 384, 402, 403, 419, 434]
[49, 98, 125, 137, 159, 213, 238, 320, 424, 460]
[41, 131, 195, 216, 218, 328, 330, 360, 390, 468, 485]
[12, 16, 19, 77, 167, 291, 359, 374, 375, 399]
[42, 194, 207, 217, 225, 287, 335, 355, 398]
[53, 83, 148, 294, 303, 386, 407, 409, 417]
[292, 293, 346, 351, 356, 366, 420, 430, 440]
[109, 117, 191, 298, 350, 369, 383, 438, 469, 483]
[297, 314, 349, 382, 455, 486, 488, 489, 490, 491]
[233, 341, 352, 373, 392, 445, 457, 494, 495, 499]
[272, 313, 326, 327, 431, 493]
