Variable Length Representation of Loading:
[10, 80, 167, 195, 233, 284, 343, 411, 450, 497]
[15, 44, 146, 163, 193, 279, 332, 435, 447, 455]
[39, 114, 118, 158, 185, 190, 228, 324]
[40, 47, 62, 85, 137, 142, 143, 175, 217, 251, 342, 416]
[14]
[29, 31, 43, 46, 56, 208, 242, 266, 299, 357, 408, 443]
[37, 60, 61, 69, 93, 110, 112, 153, 215, 348, 431, 482]
[33, 82, 139, 188, 241, 310, 325, 335, 336, 341, 360, 366]
[65, 86, 216, 245, 246, 301, 311, 330, 378, 438, 454]
[53, 91, 132, 207, 255, 263, 323, 329, 386, 481]
[77, 88, 269, 283, 320, 327, 373, 381, 419, 436, 484]
[83, 105, 161, 186, 205, 227, 265, 333, 363, 385, 410, 433, 449, 488]
[1, 148, 168, 189, 225, 338, 374, 376, 412, 429]
[74, 102, 157, 162, 303, 307, 356, 371, 400, 444, 456]
[30, 71, 95, 100, 154, 171, 176, 184, 243, 316, 370]
[72, 173, 182, 220, 264, 275, 354, 434, 457]
[8, 12, 67, 202, 212, 229, 261, 262, 383, 395, 402]
[70, 89, 108, 181, 240, 280, 285, 287, 291, 387]
[104, 115, 120, 130, 136, 210, 309, 358, 451]
[28, 32, 94, 134, 234, 256]
[2, 54, 90, 124, 180, 213, 249, 293, 314, 349, 394]
[49, 68, 203, 232, 267, 294, 397, 421]
[6, 66, 99, 107, 144, 147, 79]
[20, 75, 135, 169, 337, 379, 426, 445, 461]
[22, 50, 116, 150, 201, 218, 223, 270, 272, 398]
[103, 192, 230, 253, 334, 351, 355, 367, 396, 453, 458, 459]
[11, 25, 51]
[16, 23, 41, 98, 113, 178, 179, 204, 274, 305, 350, 442]
[27, 59, 97, 140, 200, 226, 328, 331, 364, 391, 401, 403]
[21, 38, 109, 149, 196, 198, 211, 297, 362, 417, 423, 474]
[3, 55, 73, 92, 155, 187, 221, 222, 393, 407, 473]
[7, 57, 138, 160, 237, 247, 259, 308, 315, 369, 413]
[26, 121, 126, 128, 131, 199, 219, 254, 278, 282, 319, 409]
[9, 35, 64, 127, 151, 197, 257, 375, 377, 406]
[52, 63, 101, 170, 191, 250, 296, 304, 318, 321]
[36, 48, 58, 129, 165, 214, 239, 276, 382]
[13, 17, 248, 281, 326, 345, 359]
[84, 117, 145, 172, 244, 268, 286, 312, 313, 380, 471]
[18, 24, 78, 159, 231, 236, 238, 353, 384, 415, 420, 425]
[96, 119, 122, 123, 152, 164, 258, 277, 388, 404]
[19, 166, 174, 365, 441]
[4, 5, 141, 209, 295, 302, 422, 424, 430, 448, 452, 472]
[346, 390, 437, 460, 462, 463, 464, 465, 466, 467, 468]
[469, 470, 475, 476, 477, 478, 479, 480]
[486, 487, 489, 490, 491, 492, 493, 494, 495]
[235, 298, 352, 392, 439, 496, 498, 499, 500]
[76, 111, 133, 156, 183, 273, 290, 389]
[405, 446, 34, 42]
[81, 87, 177, 194, 288, 300, 322, 347, 440]
[340, 483, 485]
[317, 339, 418, 432]
[372, 414]
[45, 125, 224, 252, 260, 292, 361, 368, 399]
