Variable Length Representation of Loading:
[10, 21, 71, 73, 112, 128, 135, 235, 415, 422, 438]
[34, 44, 59, 145, 295, 354, 451, 465]
[7, 16, 57, 76, 151, 163, 246, 338, 483]
[51, 107, 137, 205, 221, 229]
[86, 117, 215, 251, 335, 361]
[66, 74, 77, 88, 111, 199, 228, 299, 406]
[33, 237, 265, 283, 298, 317, 323, 350, 459]
[149, 223, 297, 382, 404, 478, 487]
[38, 92, 178, 179, 212, 239]
[12, 42, 147, 153, 169, 273]
[63]
[70, 170, 236, 257, 284, 333, 379]
[87, 124, 322, 341, 430, 433, 468]
[15, 314, 331, 373, 390, 456]
[162, 198, 263, 431, 443]
[184, 186, 193, 240, 291, 393]
[79, 245]
[148, 304, 384, 395, 414]
[94, 349, 369, 419, 437, 445, 463]
[11, 50, 152, 177, 238, 346, 442]
[61, 75, 218, 279, 312, 434]
[85, 114, 202, 242, 247, 267, 271, 329]
[32, 54, 108, 146, 332, 355]
[72, 176, 180, 188, 303, 366, 416, 492]
[84, 100, 230, 289, 370, 458]
[130, 255, 320, 359, 376]
[9, 118, 232, 300, 396, 398, 423, 444, 457]
[20, 28, 29, 31, 133, 253, 276, 375]
[194, 277, 302, 305, 387, 464]
[129, 214, 234, 278, 413, 450]
[144, 181, 209, 256, 313, 408, 462]
[113, 134, 381, 386, 425, 485]
[13, 167, 207, 401, 447, 452, 475]
[41, 48, 204, 371, 435]
[4, 90, 191, 281, 308, 340, 343, 389]
[224, 363, 400, 412, 427, 428]
[37, 217, 243, 309, 362, 399]
[8, 26, 211, 336, 342, 411, 496, 497]
[3, 68, 97, 157, 159, 166, 172]
[60, 140, 150, 195, 197, 216, 269, 455]
[25, 290, 327, 374, 377, 426]
[17, 109, 274, 316, 378, 418]
[65, 89, 161, 231, 436, 473]
[1, 93, 123, 185, 192, 248]
[5, 45, 103, 119, 262, 328, 383]
[19, 154, 182, 200, 258, 311, 388, 429]
[69, 174, 183, 287, 294, 403]
[27, 104, 121, 310, 391, 407, 482]
[67, 206, 241, 367, 446, 453]
[62, 189, 252, 280, 307, 480, 488]
[24, 126, 190, 250, 272, 285]
[141, 210, 220, 254, 339, 495]
[35, 39, 203, 219, 264, 405]
[46, 49, 127, 173, 301, 368, 454]
[106, 125, 266, 357, 432, 499]
[6, 52, 80, 131, 143, 201, 296, 337]
[2, 81, 95, 326, 394, 474]
[122, 132, 139, 155, 421, 500]
[83, 306, 352, 364, 490]
[22, 138, 348, 385, 489]
[36, 288, 318, 319, 330, 461, 477]
[47, 82, 227, 249, 268, 270, 325]
[43, 171]
[91, 116, 175, 260, 344, 410, 440, 466]
[105, 165, 321, 324, 402, 448, 449]
[40, 53, 58, 101, 187, 441, 460]
[23, 115, 142, 196]
[64, 120, 136, 158, 244, 286]
[55, 160, 225, 282, 365]
[96, 98, 110, 345, 347, 358]
[14, 156, 292, 315, 356]
[164, 168, 208, 213, 259, 417]
[467, 469, 470, 471, 472, 486]
[476, 479]
[360, 392, 409, 420, 491, 498]
[30, 56, 380, 397, 424]
[78, 99, 102, 226, 275]
[481, 484, 493]
[233, 261, 334, 351, 494]
[222, 439]
[372, 18]
[293, 353]
