Variable Length Representation of Loading:
[41, 152, 171, 177, 199, 237, 294]
[10, 26, 122, 282, 312, 342, 468]
[16, 75, 79, 123, 249, 283]
[28, 31, 84, 96, 245, 371]
[115, 135, 174, 203, 343, 479]
[90, 102, 129, 191, 298, 331, 417]
[172, 202, 221, 273, 284, 301, 324, 404]
[2, 30, 158, 218, 239, 327, 379, 406, 411]
[109, 145, 270, 297, 320, 359, 398, 415, 464]
[216, 259, 356, 376, 416, 434]
[74, 227, 275, 424, 425, 443]
[59, 127, 166, 247, 269, 369, 452]
[24, 36, 107, 142, 318, 467]
[18, 69, 210, 241, 253, 279, 400]
[146, 169, 193, 235, 251, 377, 492]
[1, 95, 204, 215, 414, 466]
[76, 176, 345, 360, 431, 465]
[12, 21, 103, 120, 183, 189, 234, 455]
[54, 73, 113, 124, 194, 206, 338]
[8, 159, 208, 258, 384, 413]
[165, 308, 316, 325, 442, 489]
[53, 83, 119, 143, 220]
[23, 71, 85, 154, 182, 238, 243, 375, 378]
[63, 81, 150, 232, 266, 367, 482]
[89, 201, 305, 447, 448]
[136, 156, 192, 351, 412, 469, 471]
[188, 224, 286, 296, 358, 459]
[34, 91, 186, 244, 271, 444]
[70, 229, 315, 373]
[106, 317, 339, 397, 419, 481]
[5, 110, 155, 198, 222, 392]
[64, 80, 205, 293, 340]
[50, 139, 306, 332, 423, 474, 495]
[187, 197, 228, 300, 334, 385, 405, 441]
[108, 295, 394, 408, 409]
[27, 42, 72, 161, 179, 242]
[93, 219, 263, 303, 346, 388, 490]
[46, 250, 262, 326, 365, 399, 460]
[20, 82, 307, 353, 383]
[104, 137, 151, 195, 211, 354, 433, 470]
[6, 66, 130, 178, 310, 321, 386, 462]
[105, 167, 226, 323, 336, 374, 426, 458]
[68, 101, 144, 319, 361]
[52, 94, 147, 196, 236]
[45, 65, 329, 330, 348, 355, 427]
[40, 51, 58, 209, 428, 453]
[160, 214, 274, 278, 390, 432, 457]
[15, 39, 62, 257, 267, 313, 487]
[44, 47, 48, 162, 175, 260, 401]
[111, 112, 118, 141, 184, 311, 393, 410]
[11, 149, 212, 225, 304]
[29, 49, 87, 246, 322, 381, 472]
[3, 77, 276, 335, 387, 420]
[25, 163, 256, 277, 357, 402, 451]
[60, 78, 88]
[43, 86, 290, 292, 302]
[32, 157, 164, 261, 265, 486, 496]
[56, 116, 185, 217, 230, 480]
[190, 255, 288, 328, 350, 352]
[4, 38, 132, 200, 272, 309, 314, 341, 422]
[61, 213, 240, 281, 289, 344, 407, 483, 485]
[14, 19, 67, 134, 254, 368, 488]
[37, 98, 148, 181, 370, 389, 437]
[133, 138, 168, 233, 364, 473, 491, 499]
[97, 121, 207, 333, 449, 475]
[114, 140, 173, 337, 418, 436]
[9]
[7, 57, 131, 403, 450, 484]
[13, 35, 125, 170, 372, 382, 395]
[92, 117, 349, 421, 456]
[17, 33, 100, 128, 223, 366, 391]
[180, 252, 264, 439, 454]
[287, 380, 396, 429, 438, 478]
[430, 435, 445, 446, 497]
[461, 463, 477, 493, 494]
[22, 498, 500]
[153, 268, 280, 285, 347, 362, 440]
[99, 126, 231, 363, 476]
