Variable Length Representation of Loading:
[22, 164, 300, 314, 328, 433]
[40, 51, 65, 143]
[53, 130, 2, 29]
[99, 104, 116, 180, 189, 204, 207, 213, 251, 342, 437, 483]
[94, 106]
[138, 144, 167, 176, 262, 272, 339, 482]
[27, 163]
[35, 63, 119]
[32, 60, 85, 118, 145, 155, 178, 236, 257, 379, 421]
[37, 59, 80, 107, 129, 195, 246, 396, 398, 416, 449]
[4, 96]
[5, 12, 75, 82, 168, 290]
[41, 165, 173]
[24, 45, 58, 68, 69, 102, 216, 435, 480]
[47, 49, 100, 157, 271, 279, 284, 298, 329, 333, 432, 448]
[54, 79, 190, 245, 310, 327, 358, 430, 456, 466, 497]
[6, 9, 11, 18, 92, 288, 299, 401, 451, 479]
[72, 152, 228, 286, 312, 360, 375, 420, 460, 500]
[3, 31, 76, 112, 247, 248, 283, 313, 325, 351, 386, 498]
[1, 38, 62, 67, 186, 188, 267, 368, 442, 490]
[33, 88, 91, 125, 198, 208, 235, 330, 407]
[16, 81, 105, 158, 171, 250, 418, 425, 481, 495]
[56, 128, 156, 224, 308, 385, 422, 431, 461]
[7, 93, 172, 179, 194, 203, 293, 378, 388]
[30, 70, 182, 206, 227, 240, 277, 303, 341, 348, 494]
[55, 57, 160, 193, 268, 282, 370, 373, 414, 429, 474]
[117, 159, 191, 255, 305, 323, 390, 404, 419]
[15, 73, 101, 140, 174, 205, 302, 355, 365]
[23, 132, 142, 153, 210, 237, 275, 289, 376, 377, 417]
[21, 39, 87, 89, 113, 136, 166, 285, 384, 395, 405, 462]
[122, 177, 241, 276, 322, 343, 363, 408, 424, 476]
[66, 77, 141, 219, 274, 301, 349, 445, 478]
[19, 61, 109, 170, 196, 253, 315, 364, 399, 406, 413, 443]
[50, 123, 137, 169, 212, 218, 225, 291, 338, 439, 475, 488]
[17, 36, 95, 103, 222, 238, 297, 340]
[139, 230, 345, 366]
[14, 64, 185, 229, 280, 347, 353, 409, 468]
[46, 74, 86, 134, 258, 411, 428, 457, 486]
[20, 25, 217, 269, 281, 316, 427, 434]
[28, 78, 110, 161, 183, 211, 295, 309, 403]
[10, 84, 108, 239, 244, 306, 372, 383, 447, 459]
[26, 8, 34, 127, 149]
[52, 98, 111, 126, 249, 259, 294, 319, 346, 438, 441, 452]
[71, 131, 221, 256, 320, 326, 332, 394]
[42, 97, 146, 335, 359, 382, 391, 400, 454, 487]
[13, 115, 135, 200, 234, 260, 266, 307, 336, 357, 446]
[48, 187, 201, 202, 226, 264, 278, 402, 450, 465]
[43, 44, 231, 273, 287, 354, 371, 492]
[242, 265, 270, 337, 380, 464, 477]
[150, 233, 304, 350, 455]
[90, 120, 147, 148, 154, 197, 261, 381]
[83, 121, 162, 263, 296, 311, 321]
[184, 252, 463, 469, 485, 491, 493]
[151, 356, 367, 444, 471, 472]
[192, 209, 220, 331, 334, 374, 412, 458, 467]
[124, 133]
[214, 223, 318, 387, 392, 453, 499]
[175, 232, 243, 292, 397, 470, 473, 496]
[114, 199, 254, 317, 361, 362, 410, 415, 440]
[389, 484]
[181, 215, 324, 344, 352, 489]
[369, 393, 423, 426, 436]
