Variable Length Representation of Loading:
[60, 78, 148, 160, 162, 281, 328, 336]
[1, 55, 111, 175, 208, 221, 288, 355, 381, 467]
[2, 49, 127, 213, 290, 351, 390, 441]
[3, 80, 138, 176, 206, 266, 339, 389, 470]
[4, 103, 133, 145, 212, 270, 317, 338, 360, 424, 469]
[5, 81, 112, 128, 135, 250, 284, 341, 411]
[6, 67, 107, 167, 220, 244, 296, 352, 375, 423]
[7, 108, 165, 186, 259, 340, 400, 442]
[8, 98, 109, 194, 243, 323, 383, 429, 449]
[9, 74, 132, 226, 277, 345, 376, 422]
[10, 89, 152]
[11, 119, 151, 171, 215, 234, 314, 393, 418]
[12, 99, 113, 129, 192, 274, 319, 370, 404]
[13, 56, 131, 156, 201, 265, 310, 374, 432]
[14, 95, 169, 219, 238, 305, 337, 397, 409]
[15, 62, 144, 205, 224, 278, 343, 387]
[16, 116, 187, 242, 298, 348, 379, 414]
[17, 114, 147, 204, 264, 315, 357, 403]
[18, 124, 161, 182, 223, 248, 268, 292, 320, 399, 431]
[19, 75, 158, 197, 235]
[20, 87, 102, 193, 257, 324, 394, 425]
[21, 59, 70, 96, 196, 217, 246, 311, 356, 401, 448]
[22, 72, 82, 139, 255, 304, 382, 419]
[23, 57, 90, 184, 245, 286, 369, 402, 459]
[24, 50, 63, 85, 92, 104, 229, 293, 350, 408]
[25, 68, 134, 179, 236, 300, 365, 443]
[26, 105, 141, 172, 239, 251, 283, 321, 391, 444]
[27, 97, 153, 190, 199, 228, 267, 325, 372, 439]
[28, 77, 146, 232, 273, 322, 386, 421, 435]
[29, 84, 117, 142, 218, 272, 326, 377, 428]
[30, 123, 170, 189, 200, 211, 260, 261, 335, 398, 450]
[31, 58, 140, 216, 241, 287, 361, 368, 405, 446]
[32, 61, 69, 120, 166, 180, 191, 258, 291, 312, 331, 344, 410, 433]
[33, 52, 100, 168, 198, 295, 362]
[34, 53, 64, 121, 209, 275, 301, 359, 384, 412, 437]
[35, 118, 136, 150, 222, 233, 279, 318, 371, 415]
[36, 122, 143, 181, 247, 313, 349, 396, 447]
[37, 91, 173, 185, 254, 271, 282, 333, 358, 406]
[38, 54, 65, 73, 83, 183, 240, 280, 289, 327, 385]
[39, 115, 177, 195, 262, 303, 346, 417, 445]
[40, 125, 154, 174, 207, 249, 263, 309, 353, 388, 440]
[41, 51, 76, 86, 149, 230, 302, 363, 434]
[42, 71, 106, 202, 253, 297, 342, 378, 420, 481]
[43, 94, 110, 225, 269, 329, 367, 471]
[44, 126, 155, 159, 210, 231, 308, 347, 392, 438]
[45, 101, 178, 237, 299, 366, 395, 427]
[46, 66, 93, 130, 214, 285, 334, 373, 468]
[47, 88, 137, 203, 252, 306, 332, 407, 500]
[48, 79, 164, 227, 294, 316, 380, 426]
[451, 452, 453, 454, 455, 456, 457]
[460, 461, 462, 463, 464, 465, 466]
[472, 473, 474, 475, 476, 477, 478, 479, 480, 499]
[482, 483, 484, 485, 486, 487, 496]
[488, 489, 490, 491, 492, 493, 494, 495, 497, 498]
