Variable Length Representation of Loading:
[10, 13, 35, 42, 52, 56, 62, 69, 89, 463, 473]
[23, 173, 190, 194, 196, 204, 214, 222, 230, 249, 271, 275, 280, 293, 319, 326, 333]
[115, 120, 155, 239, 341, 350, 355, 368, 369, 392, 420, 439, 450, 471, 492]
[27, 31, 32, 88, 124, 183, 208, 248, 255, 291, 303, 351, 421, 428, 449, 456]
[75, 145, 193, 220, 250]
[6, 70, 100, 170, 176, 232, 285, 305, 352, 382, 383, 394, 461, 476, 485]
[50, 122, 142, 157, 168, 200, 209, 225, 229, 260, 269, 306, 399, 414, 489]
[37, 40, 44, 83, 99, 121, 180, 189, 218, 219, 304, 384, 411, 474]
[55, 65, 105, 111, 125, 133, 136, 166, 171, 217, 241, 296, 317, 339, 361, 371, 410, 500]
[60, 104, 117, 126, 134, 148, 163, 184, 205, 257, 334, 348, 395, 397, 432, 462, 479, 490]
[15, 61, 79, 80, 92, 149, 156, 158, 215, 240, 294, 307, 359, 375, 396, 443, 470]
[2, 38, 107, 112, 152, 154, 169, 252, 254, 270, 315, 327, 404, 418, 444]
[129, 177, 179, 210, 264, 268, 278, 297, 330, 400, 401, 413, 430, 446, 481]
[28, 108, 141, 161, 187, 256, 279, 292, 302, 308, 380, 417, 429]
[11, 45, 51, 202, 223, 233, 247, 277, 298, 301, 325, 412]
[26, 123, 132, 199, 251]
[1, 14, 18, 66, 366, 374, 388, 393, 437, 447]
[4, 343, 381, 452, 496]
[203, 207, 226, 228, 253, 258, 281, 349, 353]
[59, 116, 299, 354, 356, 362, 440, 475]
[47, 76, 106, 167, 174, 290, 311, 313]
[30, 57, 67, 178, 236, 282, 402, 441]
[5, 321, 358, 364, 423, 455, 465]
[48, 54, 58, 182, 357, 445, 478]
[36, 73, 153, 245, 261, 344, 457]
[101, 147, 206, 68]
[19, 135, 212, 273, 329, 335, 438]
[34, 87, 227, 345, 398, 405, 406]
[46, 160, 186, 238, 409, 419, 498]
[25, 78, 197, 224, 340, 436]
[41, 86, 118, 295, 318, 322]
[9, 17, 110, 188, 442, 486]
[53, 94, 127, 427, 448, 459]
[235, 316, 370, 458, 477, 484]
[3, 139, 289, 365, 464, 483]
[7, 93, 143, 172, 263, 385]
[39, 77, 91, 185, 426, 434]
[195, 213, 234, 320, 378, 466]
[29, 72, 102, 109, 201, 390]
[22, 164, 300, 314, 328, 433]
[64, 95, 130, 198, 336]
[287, 324, 360, 363, 425]
[16, 242, 288, 407, 422]
[49, 74, 435, 467, 482]
[8, 243, 267, 274, 310]
[24]
[81, 415, 453, 469, 472]
[90]
[221, 231, 237, 262, 387]
[43, 71, 162, 346, 377]
[63, 82, 323, 96, 97, 98, 113, 151, 165]
[20, 276, 337, 416, 495]
[144, 391, 431, 451, 494]
[33, 146, 272, 332, 379]
[159, 259, 266, 373, 403]
[211, 286, 347, 372, 488]
[119, 140, 367, 389, 460]
[12, 85, 103, 137, 408]
[21, 487]
[128, 150, 191, 192]
[84, 114, 131, 244]
[265, 283, 342, 468, 491, 493]
[138, 175, 181, 216, 246, 454, 499]
[284, 309, 312, 331, 338, 376, 386, 424, 480, 497]
