Variable Length Representation of Loading:
[28, 82, 93, 110, 135, 181, 216, 232, 263, 274, 294, 317, 347, 374, 408, 446]
[58, 69, 124, 165, 173, 180, 259, 300, 302, 407, 428]
[20, 41, 71, 73, 118, 161, 201, 255, 256, 341, 366, 409, 444]
[10, 77, 91, 106, 116, 155, 240, 264, 308, 331, 370, 387, 472]
[29, 85, 96, 130, 191, 197, 283, 324, 333, 345, 361, 443]
[24, 33, 123, 133, 260, 269, 277, 289, 335, 337, 353, 427]
[139, 189, 230, 248, 254, 291, 339, 351, 355, 398, 419, 426]
[12, 17, 76, 137, 146, 272, 281, 301, 312, 411, 415]
[1, 21, 40, 47, 100, 151, 169, 285, 310, 316, 318]
[45, 55, 136, 182, 188, 203, 211, 243, 250, 327, 346, 429]
[50, 163, 193, 208, 313, 321, 349, 404, 410, 425, 445, 448]
[53, 108, 111, 121, 170, 213, 251, 257, 328, 364, 386, 447]
[11, 26, 140, 159, 160, 172, 202, 295, 363, 437, 483]
[13, 35, 145, 217, 223, 233, 278, 292, 338, 371]
[23, 56, 178, 187, 275, 282, 315, 336, 358, 375, 434]
[8, 25, 36, 42, 46, 158, 231, 236, 239, 249, 322]
[39, 74, 132, 183, 195, 196, 215, 305, 356, 359, 373, 381, 388, 399]
[59, 64, 120, 134, 141, 166, 235, 290, 297, 352, 396, 416]
[2, 14, 109, 113, 117, 246, 276, 436, 440, 456]
[44, 61, 115, 119, 125, 175, 284, 332, 362, 397, 400, 412]
[43, 60, 86, 104, 126, 152, 186, 288, 304, 326, 389, 451]
[5, 68, 88, 103, 144, 150, 253, 266, 314, 376, 413, 441, 484]
[6, 31, 83, 87, 90, 131, 198, 199, 222, 271, 293, 340, 488]
[51, 52, 107, 128, 138, 143, 162, 168, 238, 311, 348, 391]
[7, 167, 177, 184, 190, 204, 210, 212, 242, 258, 384, 418, 433, 449]
[30, 84, 153, 174, 200, 205, 214, 298, 344, 401, 432, 469]
[63, 219, 241, 265, 343, 372, 380, 392, 423, 430, 442]
[75, 89, 164, 227, 229, 273, 280, 296, 334, 394]
[72, 127, 147, 192, 228, 244, 268, 299, 325, 330, 422, 454]
[4, 57, 67, 99, 154, 179, 224, 378, 402, 405, 439]
[34, 112, 171, 194, 209, 252, 262, 267, 287, 360, 393, 490]
[9, 62, 66, 79, 97, 157, 220, 270, 320, 367, 403, 421, 424, 455, 487]
[48, 70, 92, 101, 226, 306, 323, 365, 435, 453, 457, 470]
[3, 15, 81, 129, 207, 221, 225, 369, 385, 438, 450, 489]
[16, 18, 27, 38, 98, 234, 237, 279, 286, 303, 377, 379]
[22, 49, 65, 122, 156, 319, 329, 354, 382, 383, 395, 417, 420]
[19, 32, 37, 54, 94, 114, 142, 148, 149, 176, 206, 218, 247, 307, 368, 406]
[78, 80, 95, 102, 105, 185, 245, 261, 309, 342, 390, 452]
[458, 459, 460, 461, 462, 463, 464, 465, 466, 467, 468, 471]
[473, 474, 475, 476, 477, 478, 479, 480, 481, 482, 485, 486, 493]
[350, 357, 414, 431, 491, 492, 494, 495, 496, 497, 498, 499, 500]
